0 0 -1 Splicer 972506400
1 1 0 Worker 277142596
2 2 -1 PersistentDB 394790446
3 3 -1 InMemoryDB 142700434
4 4 -1 WorkManager 85151758
5 5 4 Worker 755284209
6 6 4 Worker 835691752
7 7 4 Worker 614951243
8 8 4 Worker 935711268
9 9 4 Worker 836314212
10 10 4 Worker 606091933
11 11 4 Worker 805380488
12 12 4 Worker 283342124
13 13 4 Worker 849924227
14 14 4 Worker 290046084
15 15 4 Worker 916282734
16 16 4 Worker 359656919
17 17 4 Worker 921457374
18 18 4 Worker 846946113
19 19 4 Worker 386966690
20 20 4 Worker 123856367
21 21 4 Worker 631242767
22 22 4 Worker 473333467
23 23 4 Worker 239766928
24 24 4 Worker 454234313
25 25 4 Worker 538740394
26 26 4 Worker 57063115
27 27 4 Worker 722831676
28 28 4 Worker 155889188
29 29 4 Worker 117579395
30 30 4 Worker 609373532
31 31 4 Worker 761423677
32 32 4 Worker 897724530
33 33 4 Worker 107758793
34 34 4 Worker 5460801
35 35 4 Worker 158279884
36 36 4 Worker 498348429
37 37 4 Worker 888397678
38 38 4 Worker 818245949
39 39 4 Worker 662780474
40 40 4 Worker 716515090
41 41 4 Worker 471343637
42 42 4 Worker 604933787
43 43 4 Worker 88611814
44 44 4 Worker 351972917
45 45 4 Worker 509762604
46 46 4 Worker 38503244
47 47 4 Worker 392470387
48 48 4 Worker 3386482
49 49 4 Worker 938751445
50 50 4 Worker 685286944
51 51 4 Worker 348112690
52 52 4 Worker 611040546
53 53 4 Worker 399840436
54 54 4 Worker 829081271
55 55 4 Worker 223945658
56 56 4 Worker 789005373
57 57 4 Worker 376591244
58 58 4 Worker 468694614
59 59 4 Worker 20659842
60 60 4 Worker 599932923
61 61 4 Worker 548195415
62 62 4 Worker 387362775
63 63 4 Worker 418888863
64 64 4 Worker 676984222
65 65 4 Worker 2863501
66 66 4 Worker 871330901
67 67 4 Worker 727932073
68 68 4 Worker 727323372
69 69 4 Worker 643266346
70 70 4 Worker 658927608
71 71 4 Worker 249070701
72 72 4 Worker 704952255
73 73 4 Worker 809555151
74 74 4 Worker 739942731
75 75 4 Worker 348004797
76 76 4 Worker 523597503
77 77 4 Worker 474119208
78 78 4 Worker 287712985
79 79 4 Worker 612202581
80 80 4 Worker 351625757
81 81 4 Worker 794889648
82 82 4 Worker 237875010
83 83 4 Worker 152086117
84 84 4 Worker 309843453
85 85 4 Worker 265028532
86 86 4 Worker 130085038
87 87 4 Worker 280253230
88 88 4 Worker 372643239
89 89 4 Worker 605196333
90 90 4 Worker 210513261
91 91 4 Worker 812586803
92 92 4 Worker 487911674
93 93 4 Worker 367225717
94 94 4 Worker 211116912
95 95 4 Worker 257809440
96 96 4 Worker 635509366
97 97 4 Worker 663008392
98 98 4 Worker 618245334
99 99 4 Worker 882561377
100 100 4 Worker 587816693
101 101 4 Worker 802440156
102 102 4 Worker 322550505
103 103 4 Worker 660232749
104 104 4 Worker 202282518
105 105 4 Worker 728620702
106 106 4 Worker 728157271
107 107 4 Worker 859679455
108 108 4 Worker 505352809
109 109 4 Worker 835724891
110 110 4 Worker 652709023
111 111 4 Worker 75871505
112 112 4 Worker 780352256
113 113 4 Worker 492670653
114 114 4 Worker 644997267
115 115 4 Worker 44484228
116 116 4 Worker 510734980
117 117 4 Worker 896120232
118 118 4 Worker 960472272
119 119 4 Worker 1740294
120 120 4 Worker 672557764
121 121 4 Worker 190564805
122 122 4 Worker 650659697
123 123 4 Worker 365522174
124 124 4 Worker 624259707
125 125 4 Worker 36244194
126 126 4 Worker 556164880
127 127 4 Worker 573363206
128 128 4 Worker 797901871
129 129 4 Worker 783062327
130 130 4 Worker 596597329
131 131 4 Worker 323878338
132 132 4 Worker 209797818
133 133 4 Worker 387589281
134 134 4 Worker 119714130
135 135 4 Worker 292436088
136 136 4 Worker 989615241
137 137 4 Worker 227721442
138 138 4 Worker 399525304
139 139 4 Worker 880835018
140 140 4 Worker 663923945
141 141 4 Worker 594687414
142 142 4 Worker 273344039
143 143 4 Worker 848896000
144 144 4 Worker 786441587
145 145 4 Worker 488092969
146 146 4 Worker 272755983
147 147 4 Worker 750299724
148 148 4 Worker 540755290
149 149 4 Worker 787367429
150 150 4 Worker 894656490
151 151 4 Worker 188314350
152 152 4 Worker 836097325
153 153 4 Worker 250133677
154 154 4 Worker 40167462
155 155 4 Worker 960064049
156 156 4 Worker 448268316
157 157 4 Worker 741868300
158 158 4 Worker 961082080
159 159 4 Worker 56892002
160 160 4 Worker 975416050
161 161 4 Worker 910874314
162 162 4 Worker 784635977
163 163 4 Worker 179559798
164 164 4 Worker 58733253
165 165 4 Worker 795006257
166 166 4 Worker 336962822
167 167 4 Worker 105725639
168 168 4 Worker 258978906
169 169 4 Worker 756589661
170 170 4 Worker 591086363
171 171 4 Worker 695901738
172 172 4 Worker 266334027
173 173 4 Worker 360313596
174 174 4 Worker 870516407
175 175 4 Worker 87367915
176 176 4 Worker 462033826
177 177 4 Worker 159568278
178 178 4 Worker 280840938
179 179 4 Worker 385326585
180 180 4 Worker 401017693
181 181 4 Worker 493084845
182 182 4 Worker 93959139
183 183 4 Worker 168221189
184 184 4 Worker 997009426
185 185 4 Worker 15412099
186 186 4 Worker 709384509
187 187 4 Worker 41248118
188 188 4 Worker 303498140
189 189 4 Worker 385519456
190 190 4 Worker 858483784
191 191 4 Worker 251787768
192 192 4 Worker 201123612
193 193 4 Worker 498557166
194 194 4 Worker 143516068
195 195 4 Worker 366130109
196 196 4 Worker 860728693
197 197 4 Worker 251763945
198 198 4 Worker 693124375
199 199 4 Worker 959096000
200 200 4 Worker 51703911
201 201 4 Worker 347506924
202 202 4 Worker 876030369
203 203 4 Worker 854851880
204 204 4 Worker 91527489
205 205 4 Worker 893155037
206 206 4 Worker 778767564
207 207 4 Worker 610916184
208 208 4 Worker 824424738
209 209 4 Worker 770326646
210 210 4 Worker 252304807
211 211 4 Worker 321690776
212 212 4 Worker 945812171
213 213 4 Worker 113123990
214 214 4 Worker 726709122
215 215 4 Worker 37942779
216 216 4 Worker 999096419
217 217 4 Worker 664909524
218 218 4 Worker 165507493
219 219 4 Worker 189114197
220 220 4 Worker 994117529
221 221 4 Worker 472052358
222 222 4 Worker 380119273
223 223 4 Worker 414436846
224 224 4 Worker 947042634
225 225 4 Worker 186309062
226 226 4 Worker 844753031
227 227 4 Worker 123207962
228 228 4 Worker 467728276
229 229 4 Worker 551139618
230 230 4 Worker 557599385
231 231 4 Worker 95133763
232 232 4 Worker 415905593
233 233 4 Worker 138561611
234 234 4 Worker 786247952
235 235 4 Worker 75326224
236 236 4 Worker 121152453
237 237 4 Worker 575758302
238 238 4 Worker 25361384
239 239 4 Worker 382422236
240 240 4 Worker 401280700
241 241 4 Worker 857163865
242 242 4 Worker 70839648
243 243 4 Worker 910436126
244 244 4 Worker 817448081
245 245 4 Worker 635055672
246 246 4 Worker 193410612
247 247 4 Worker 412025069
248 248 4 Worker 54198397
249 249 4 Worker 673334475
250 250 4 Worker 902723650
251 251 4 Worker 432790681
252 252 4 Worker 968247466
253 253 4 Worker 738623253
254 254 4 Worker 85356670
255 255 4 Worker 754986777
