0 0 -1 Splicer 545953312
1 1 0 Worker 271097532
2 2 -1 PersistentDB 920804159
3 3 -1 InMemoryDB 234514470
4 4 -1 WorkManager 234980720
5 5 4 Worker 496694915
6 6 4 Worker 393067285
7 7 4 Worker 942228565
8 8 4 Worker 115464085
9 9 4 Worker 99335590
10 10 4 Worker 482912433
11 11 4 Worker 174183129
12 12 4 Worker 194502133
13 13 4 Worker 855448194
14 14 4 Worker 97243964
15 15 4 Worker 24153403
16 16 4 Worker 707844052
17 17 4 Worker 339604793
18 18 4 Worker 408943351
19 19 4 Worker 646985418
20 20 4 Worker 609492829
21 21 4 Worker 395035051
22 22 4 Worker 414241179
23 23 4 Worker 175347876
24 24 4 Worker 892606982
25 25 4 Worker 666306307
26 26 4 Worker 74520844
27 27 4 Worker 415478497
28 28 4 Worker 435378643
29 29 4 Worker 657294491
30 30 4 Worker 456402679
31 31 4 Worker 169521521
32 32 4 Worker 681521638
33 33 4 Worker 684770391
34 34 4 Worker 61367009
35 35 4 Worker 791827965
36 36 4 Worker 377354089
37 37 4 Worker 164133301
38 38 4 Worker 565864430
39 39 4 Worker 182611741
40 40 4 Worker 414835367
41 41 4 Worker 788616314
42 42 4 Worker 23311560
43 43 4 Worker 571722171
44 44 4 Worker 123228405
45 45 4 Worker 148205389
46 46 4 Worker 92248467
47 47 4 Worker 777140285
48 48 4 Worker 308273354
49 49 4 Worker 860795186
50 50 4 Worker 996437247
51 51 4 Worker 552992361
52 52 4 Worker 896783719
53 53 4 Worker 373369195
54 54 4 Worker 98141604
55 55 4 Worker 552486081
56 56 4 Worker 212260632
57 57 4 Worker 983974257
58 58 4 Worker 25906838
59 59 4 Worker 437531990
60 60 4 Worker 88272073
61 61 4 Worker 522060050
62 62 4 Worker 250937967
63 63 4 Worker 225479030
64 64 4 Worker 543541380
65 65 4 Worker 180763810
66 66 4 Worker 233985464
67 67 4 Worker 633097373
68 68 4 Worker 473341098
69 69 4 Worker 151431101
70 70 4 Worker 829373204
71 71 4 Worker 6223665
72 72 4 Worker 465667096
73 73 4 Worker 443927135
74 74 4 Worker 764193617
75 75 4 Worker 970366112
76 76 4 Worker 668432873
77 77 4 Worker 704582845
78 78 4 Worker 414855827
79 79 4 Worker 730317581
80 80 4 Worker 286051936
81 81 4 Worker 21288898
82 82 4 Worker 714442754
83 83 4 Worker 619758214
84 84 4 Worker 825464695
85 85 4 Worker 222192438
86 86 4 Worker 544415430
87 87 4 Worker 111560437
88 88 4 Worker 689286534
89 89 4 Worker 686066260
90 90 4 Worker 366312280
91 91 4 Worker 470283652
92 92 4 Worker 465246467
93 93 4 Worker 829452821
94 94 4 Worker 870705503
95 95 4 Worker 823255965
96 96 4 Worker 585054637
97 97 4 Worker 885067498
98 98 4 Worker 938553538
99 99 4 Worker 317107985
100 100 4 Worker 70274853
101 101 4 Worker 168864576
102 102 4 Worker 856415313
103 103 4 Worker 816916658
104 104 4 Worker 901170323
105 105 4 Worker 862595603
106 106 4 Worker 136078498
107 107 4 Worker 444226267
108 108 4 Worker 59976787
109 109 4 Worker 338361402
110 110 4 Worker 553518912
111 111 4 Worker 321800006
112 112 4 Worker 228094554
113 113 4 Worker 173895027
114 114 4 Worker 35547077
115 115 4 Worker 155963756
116 116 4 Worker 931083260
117 117 4 Worker 817067402
118 118 4 Worker 681807430
119 119 4 Worker 502464437
120 120 4 Worker 497040744
121 121 4 Worker 607459161
122 122 4 Worker 685417671
123 123 4 Worker 111573994
124 124 4 Worker 574461363
125 125 4 Worker 859406303
126 126 4 Worker 756439366
127 127 4 Worker 761168233
128 128 4 Worker 609415453
129 129 4 Worker 249200970
130 130 4 Worker 357031047
131 131 4 Worker 51837318
132 132 4 Worker 239741664
133 133 4 Worker 416678681
134 134 4 Worker 896989342
135 135 4 Worker 697669403
136 136 4 Worker 989040764
137 137 4 Worker 786793506
138 138 4 Worker 459961055
139 139 4 Worker 610181197
140 140 4 Worker 297387440
141 141 4 Worker 759477777
142 142 4 Worker 211721157
143 143 4 Worker 525335351
144 144 4 Worker 869030672
145 145 4 Worker 387813193
146 146 4 Worker 679887465
147 147 4 Worker 906756611
148 148 4 Worker 664186526
149 149 4 Worker 475712209
150 150 4 Worker 364329145
151 151 4 Worker 848399844
152 152 4 Worker 624771102
153 153 4 Worker 53209571
154 154 4 Worker 277198526
155 155 4 Worker 273144692
156 156 4 Worker 325115780
157 157 4 Worker 625403570
158 158 4 Worker 868067333
159 159 4 Worker 699781435
160 160 4 Worker 906369017
161 161 4 Worker 872205090
162 162 4 Worker 828808302
163 163 4 Worker 935781253
164 164 4 Worker 507034269
165 165 4 Worker 133384049
166 166 4 Worker 576276763
167 167 4 Worker 613796903
168 168 4 Worker 632516888
169 169 4 Worker 490910925
170 170 4 Worker 589076327
171 171 4 Worker 38484065
172 172 4 Worker 806027437
173 173 4 Worker 537066910
174 174 4 Worker 176613990
175 175 4 Worker 687396438
176 176 4 Worker 449920845
177 177 4 Worker 398462041
178 178 4 Worker 208676693
179 179 4 Worker 470465170
180 180 4 Worker 558083883
181 181 4 Worker 944054344
182 182 4 Worker 924013781
183 183 4 Worker 946280479
184 184 4 Worker 565672364
185 185 4 Worker 235689766
186 186 4 Worker 469716579
187 187 4 Worker 350628148
188 188 4 Worker 801917643
189 189 4 Worker 416375611
190 190 4 Worker 979930537
191 191 4 Worker 944106755
192 192 4 Worker 160527485
193 193 4 Worker 96462073
194 194 4 Worker 58938140
195 195 4 Worker 746178145
196 196 4 Worker 446722904
197 197 4 Worker 768117561
198 198 4 Worker 592535237
199 199 4 Worker 353767365
200 200 4 Worker 749368541
201 201 4 Worker 367859150
202 202 4 Worker 782044826
203 203 4 Worker 161211757
204 204 4 Worker 525027155
205 205 4 Worker 490114015
206 206 4 Worker 221360879
207 207 4 Worker 72876796
208 208 4 Worker 16616724
209 209 4 Worker 202779934
210 210 4 Worker 537373633
211 211 4 Worker 877970777
212 212 4 Worker 872653277
213 213 4 Worker 576885617
214 214 4 Worker 580595351
215 215 4 Worker 245380656
216 216 4 Worker 390942937
217 217 4 Worker 444993319
218 218 4 Worker 675562266
219 219 4 Worker 80078678
220 220 4 Worker 185942709
221 221 4 Worker 966575619
222 222 4 Worker 913628686
223 223 4 Worker 881615720
224 224 4 Worker 927246151
225 225 4 Worker 250789932
226 226 4 Worker 4402629
227 227 4 Worker 531793712
228 228 4 Worker 804302463
229 229 4 Worker 596083488
230 230 4 Worker 678164908
231 231 4 Worker 242617523
232 232 4 Worker 16681384
233 233 4 Worker 118426687
234 234 4 Worker 418450978
235 235 4 Worker 739190314
236 236 4 Worker 564931152
237 237 4 Worker 925309451
238 238 4 Worker 495925097
239 239 4 Worker 193763175
240 240 4 Worker 627243058
241 241 4 Worker 668272476
242 242 4 Worker 184947371
243 243 4 Worker 173292597
244 244 4 Worker 764754280
245 245 4 Worker 907977565
246 246 4 Worker 135519777
247 247 4 Worker 220720424
248 248 4 Worker 779634732
249 249 4 Worker 195758702
250 250 4 Worker 397868145
251 251 4 Worker 815368735
252 252 4 Worker 900897949
253 253 4 Worker 376683346
254 254 4 Worker 427099975
255 255 4 Worker 458387391
