0 0 -1 Splicer 961211283
1 1 0 Worker 673581509
2 2 -1 PersistentDB 490149065
3 3 -1 InMemoryDB 986536772
4 4 -1 WorkManager 529642997
5 5 4 Worker 460923295
6 6 4 Worker 811993564
7 7 4 Worker 568215130
8 8 4 Worker 999976884
9 9 4 Worker 123335497
10 10 4 Worker 824238197
11 11 4 Worker 190599496
12 12 4 Worker 120409065
13 13 4 Worker 777664994
14 14 4 Worker 342283288
15 15 4 Worker 993437424
16 16 4 Worker 605154589
17 17 4 Worker 654398971
18 18 4 Worker 89990921
19 19 4 Worker 32889331
20 20 4 Worker 692105024
21 21 4 Worker 399703741
22 22 4 Worker 740337799
23 23 4 Worker 630383748
24 24 4 Worker 924992735
25 25 4 Worker 827714851
26 26 4 Worker 462794793
27 27 4 Worker 547514774
28 28 4 Worker 190162264
29 29 4 Worker 136051976
30 30 4 Worker 42310322
31 31 4 Worker 535687498
32 32 4 Worker 507043796
33 33 4 Worker 257766724
34 34 4 Worker 831550823
35 35 4 Worker 716818710
36 36 4 Worker 394911912
37 37 4 Worker 576118629
38 38 4 Worker 201329326
39 39 4 Worker 165682360
40 40 4 Worker 640213960
41 41 4 Worker 401876221
42 42 4 Worker 50303868
43 43 4 Worker 14571989
44 44 4 Worker 925807722
45 45 4 Worker 729659347
46 46 4 Worker 226852493
47 47 4 Worker 75905167
48 48 4 Worker 420313811
49 49 4 Worker 802078051
50 50 4 Worker 992677848
51 51 4 Worker 748265434
52 52 4 Worker 719548191
53 53 4 Worker 681570843
54 54 4 Worker 588469736
55 55 4 Worker 517860889
56 56 4 Worker 362215573
57 57 4 Worker 874449552
58 58 4 Worker 324261050
59 59 4 Worker 55024039
60 60 4 Worker 951229079
61 61 4 Worker 394971008
62 62 4 Worker 98316016
63 63 4 Worker 779842353
64 64 4 Worker 358026684
65 65 4 Worker 5696367
66 66 4 Worker 401729411
67 67 4 Worker 277502496
68 68 4 Worker 138998214
69 69 4 Worker 271791884
70 70 4 Worker 685540778
71 71 4 Worker 971714122
72 72 4 Worker 283096498
73 73 4 Worker 956334469
74 74 4 Worker 893857586
75 75 4 Worker 95734245
76 76 4 Worker 519816047
77 77 4 Worker 295849904
78 78 4 Worker 98600983
79 79 4 Worker 755686248
80 80 4 Worker 326222591
81 81 4 Worker 29026468
82 82 4 Worker 96373843
83 83 4 Worker 451557968
84 84 4 Worker 950868773
85 85 4 Worker 846341892
86 86 4 Worker 111155381
87 87 4 Worker 71741977
88 88 4 Worker 815474818
89 89 4 Worker 183512991
90 90 4 Worker 185124358
91 91 4 Worker 365084665
92 92 4 Worker 930526695
93 93 4 Worker 964239053
94 94 4 Worker 618621501
95 95 4 Worker 992236523
96 96 4 Worker 955151131
97 97 4 Worker 792046147
98 98 4 Worker 359932833
99 99 4 Worker 745440638
100 100 4 Worker 567036399
101 101 4 Worker 584555402
102 102 4 Worker 906481657
103 103 4 Worker 329765894
104 104 4 Worker 380827222
105 105 4 Worker 372536331
106 106 4 Worker 970659973
107 107 4 Worker 983911890
108 108 4 Worker 521568720
109 109 4 Worker 852916095
110 110 4 Worker 223414519
111 111 4 Worker 647756062
112 112 4 Worker 347625732
113 113 4 Worker 130922650
114 114 4 Worker 180181125
115 115 4 Worker 802437454
116 116 4 Worker 416887059
117 117 4 Worker 102965604
118 118 4 Worker 432537495
119 119 4 Worker 746537039
120 120 4 Worker 209347509
121 121 4 Worker 220431744
122 122 4 Worker 846675910
123 123 4 Worker 391540666
124 124 4 Worker 487894243
125 125 4 Worker 730932340
126 126 4 Worker 493685976
127 127 4 Worker 936103869
128 128 4 Worker 376037495
129 129 4 Worker 856782930
130 130 4 Worker 951837182
131 131 4 Worker 404856712
132 132 4 Worker 430267123
133 133 4 Worker 807612854
134 134 4 Worker 30075998
135 135 4 Worker 182515185
136 136 4 Worker 300532473
137 137 4 Worker 791116703
138 138 4 Worker 752092883
139 139 4 Worker 700327017
140 140 4 Worker 787042675
141 141 4 Worker 771448701
142 142 4 Worker 521775116
143 143 4 Worker 404067583
144 144 4 Worker 642984476
145 145 4 Worker 365535555
146 146 4 Worker 175872770
147 147 4 Worker 79524249
148 148 4 Worker 413268373
149 149 4 Worker 206229827
150 150 4 Worker 887165523
151 151 4 Worker 634506807
152 152 4 Worker 848324172
153 153 4 Worker 724395304
154 154 4 Worker 574349804
155 155 4 Worker 885261247
156 156 4 Worker 437103964
157 157 4 Worker 748761957
158 158 4 Worker 266173121
159 159 4 Worker 435872694
160 160 4 Worker 935889161
161 161 4 Worker 386930169
162 162 4 Worker 652677940
163 163 4 Worker 991965080
164 164 4 Worker 746462394
165 165 4 Worker 336309757
166 166 4 Worker 540547458
167 167 4 Worker 141599399
168 168 4 Worker 790888593
169 169 4 Worker 82478672
170 170 4 Worker 977422550
171 171 4 Worker 740313341
172 172 4 Worker 896822536
173 173 4 Worker 894539898
174 174 4 Worker 198244627
175 175 4 Worker 525780639
176 176 4 Worker 300909161
177 177 4 Worker 937408702
178 178 4 Worker 206716750
179 179 4 Worker 517045084
180 180 4 Worker 736451795
181 181 4 Worker 703115039
182 182 4 Worker 729172532
183 183 4 Worker 483276368
184 184 4 Worker 265788681
185 185 4 Worker 205848673
186 186 4 Worker 49458119
187 187 4 Worker 340770006
188 188 4 Worker 445319689
189 189 4 Worker 459246765
190 190 4 Worker 914101963
191 191 4 Worker 734635367
192 192 4 Worker 398561131
193 193 4 Worker 758518823
194 194 4 Worker 442371379
195 195 4 Worker 44053482
196 196 4 Worker 469007892
197 197 4 Worker 556344539
198 198 4 Worker 845256876
199 199 4 Worker 943964398
200 200 4 Worker 826232959
201 201 4 Worker 171443864
202 202 4 Worker 948058539
203 203 4 Worker 240629096
204 204 4 Worker 233748046
205 205 4 Worker 588983309
206 206 4 Worker 777644415
207 207 4 Worker 754162921
208 208 4 Worker 906523173
209 209 4 Worker 970142443
210 210 4 Worker 180176915
211 211 4 Worker 314104050
212 212 4 Worker 115226906
213 213 4 Worker 630364203
214 214 4 Worker 215863400
215 215 4 Worker 2171143
216 216 4 Worker 171366513
217 217 4 Worker 868025576
218 218 4 Worker 926682696
219 219 4 Worker 682409537
220 220 4 Worker 840012127
221 221 4 Worker 900946007
222 222 4 Worker 104546305
223 223 4 Worker 469104552
224 224 4 Worker 578905279
225 225 4 Worker 279901234
226 226 4 Worker 788442365
227 227 4 Worker 179242581
228 228 4 Worker 473613432
229 229 4 Worker 270849500
230 230 4 Worker 884329004
231 231 4 Worker 900246429
232 232 4 Worker 442362354
233 233 4 Worker 35574756
234 234 4 Worker 515019652
235 235 4 Worker 689525054
236 236 4 Worker 470172038
237 237 4 Worker 158728183
238 238 4 Worker 122472628
239 239 4 Worker 76015870
240 240 4 Worker 534697767
241 241 4 Worker 852479601
242 242 4 Worker 214265315
243 243 4 Worker 474160272
244 244 4 Worker 608454764
245 245 4 Worker 494527619
246 246 4 Worker 336052267
247 247 4 Worker 340464
248 248 4 Worker 208303848
249 249 4 Worker 923874266
250 250 4 Worker 455152487
251 251 4 Worker 365040494
252 252 4 Worker 553581712
253 253 4 Worker 222984138
254 254 4 Worker 919065966
255 255 4 Worker 203604939
