0 0 -1 Splicer 92887232
1 1 0 Worker 161812517
2 2 -1 PersistentDB 735303128
3 3 -1 InMemoryDB 318807227
4 4 -1 WorkManager 637362163
5 5 4 Worker 899876112
6 6 4 Worker 958122143
7 7 4 Worker 851438853
8 8 4 Worker 932390815
9 9 4 Worker 976289436
10 10 4 Worker 802067600
11 11 4 Worker 573228453
12 12 4 Worker 121359064
13 13 4 Worker 307820938
14 14 4 Worker 386051859
15 15 4 Worker 916992705
16 16 4 Worker 821191612
17 17 4 Worker 400994911
18 18 4 Worker 440273054
19 19 4 Worker 561863253
20 20 4 Worker 925534099
21 21 4 Worker 85296277
22 22 4 Worker 25475810
23 23 4 Worker 906619288
24 24 4 Worker 380642561
25 25 4 Worker 601861889
26 26 4 Worker 249056013
27 27 4 Worker 336521205
28 28 4 Worker 635368893
29 29 4 Worker 947048037
30 30 4 Worker 156382241
31 31 4 Worker 834839692
32 32 4 Worker 223785527
33 33 4 Worker 708734508
34 34 4 Worker 333980421
35 35 4 Worker 524802361
36 36 4 Worker 824504543
37 37 4 Worker 208953221
38 38 4 Worker 741607600
39 39 4 Worker 812574816
40 40 4 Worker 656399936
41 41 4 Worker 639526812
42 42 4 Worker 763343102
43 43 4 Worker 987093433
44 44 4 Worker 254174391
45 45 4 Worker 477576634
46 46 4 Worker 788865336
47 47 4 Worker 760955007
48 48 4 Worker 407201854
49 49 4 Worker 812395740
50 50 4 Worker 607852971
51 51 4 Worker 719856272
52 52 4 Worker 536370371
53 53 4 Worker 292577905
54 54 4 Worker 921584765
55 55 4 Worker 754795296
56 56 4 Worker 54693967
57 57 4 Worker 688154075
58 58 4 Worker 977400884
59 59 4 Worker 502920202
60 60 4 Worker 972085973
61 61 4 Worker 320427911
62 62 4 Worker 203042515
63 63 4 Worker 449819408
64 64 4 Worker 133245292
65 65 4 Worker 794410243
66 66 4 Worker 575518725
67 67 4 Worker 291899607
68 68 4 Worker 446963093
69 69 4 Worker 491433982
70 70 4 Worker 701482112
71 71 4 Worker 467951046
72 72 4 Worker 714043282
73 73 4 Worker 353457843
74 74 4 Worker 52451885
75 75 4 Worker 470359028
76 76 4 Worker 606732920
77 77 4 Worker 902955222
78 78 4 Worker 110677252
79 79 4 Worker 873095041
80 80 4 Worker 128841471
81 81 4 Worker 719469112
82 82 4 Worker 172284139
83 83 4 Worker 498707884
84 84 4 Worker 362151506
85 85 4 Worker 217892559
86 86 4 Worker 564867570
87 87 4 Worker 994428320
88 88 4 Worker 844699639
89 89 4 Worker 74858860
90 90 4 Worker 128319424
91 91 4 Worker 482312676
92 92 4 Worker 651352357
93 93 4 Worker 971362596
94 94 4 Worker 173604322
95 95 4 Worker 69887842
96 96 4 Worker 123636674
97 97 4 Worker 480817141
98 98 4 Worker 335184142
99 99 4 Worker 923426252
100 100 4 Worker 295593131
101 101 4 Worker 702517915
102 102 4 Worker 198921107
103 103 4 Worker 107722595
104 104 4 Worker 269265243
105 105 4 Worker 781468572
106 106 4 Worker 313550147
107 107 4 Worker 698939653
108 108 4 Worker 662628544
109 109 4 Worker 459881106
110 110 4 Worker 277173165
111 111 4 Worker 635312454
112 112 4 Worker 970973774
113 113 4 Worker 100923245
114 114 4 Worker 733279042
115 115 4 Worker 34008407
116 116 4 Worker 538856618
117 117 4 Worker 466068990
118 118 4 Worker 623472411
119 119 4 Worker 428280029
120 120 4 Worker 253217195
121 121 4 Worker 661369010
122 122 4 Worker 698527012
123 123 4 Worker 452419843
124 124 4 Worker 4053492
125 125 4 Worker 282082476
126 126 4 Worker 322712762
127 127 4 Worker 691762986
128 128 4 Worker 281496619
129 129 4 Worker 795183165
130 130 4 Worker 522909525
131 131 4 Worker 790523658
132 132 4 Worker 48093321
133 133 4 Worker 634578123
134 134 4 Worker 500450456
135 135 4 Worker 285967995
136 136 4 Worker 52499420
137 137 4 Worker 630463005
138 138 4 Worker 949018382
139 139 4 Worker 922572634
140 140 4 Worker 379797060
141 141 4 Worker 890251025
142 142 4 Worker 52031634
143 143 4 Worker 573540757
144 144 4 Worker 392476923
145 145 4 Worker 929462871
146 146 4 Worker 417625954
147 147 4 Worker 572210396
148 148 4 Worker 374171876
149 149 4 Worker 60332010
150 150 4 Worker 391708479
151 151 4 Worker 154504376
152 152 4 Worker 397092500
153 153 4 Worker 988517507
154 154 4 Worker 637247000
155 155 4 Worker 712902816
156 156 4 Worker 96333457
157 157 4 Worker 725793347
158 158 4 Worker 209620142
159 159 4 Worker 32194257
160 160 4 Worker 668732653
161 161 4 Worker 877364877
162 162 4 Worker 656792334
163 163 4 Worker 83814211
164 164 4 Worker 408896031
165 165 4 Worker 756530376
166 166 4 Worker 78902260
167 167 4 Worker 378495818
168 168 4 Worker 766821915
169 169 4 Worker 164262043
170 170 4 Worker 703215484
171 171 4 Worker 448658147
172 172 4 Worker 474770955
173 173 4 Worker 821106897
174 174 4 Worker 7794845
175 175 4 Worker 386651965
176 176 4 Worker 257704556
177 177 4 Worker 624485205
178 178 4 Worker 890377728
179 179 4 Worker 375945089
180 180 4 Worker 679236564
181 181 4 Worker 211677316
182 182 4 Worker 88925936
183 183 4 Worker 712190763
184 184 4 Worker 388792177
185 185 4 Worker 250453869
186 186 4 Worker 675361075
187 187 4 Worker 566437225
188 188 4 Worker 63534383
189 189 4 Worker 893564933
190 190 4 Worker 736188697
191 191 4 Worker 367447695
192 192 4 Worker 799320686
193 193 4 Worker 344674400
194 194 4 Worker 771066718
195 195 4 Worker 322401551
196 196 4 Worker 314587960
197 197 4 Worker 27002284
198 198 4 Worker 658390949
199 199 4 Worker 93416755
200 200 4 Worker 95896765
201 201 4 Worker 324078614
202 202 4 Worker 624832988
203 203 4 Worker 671799755
204 204 4 Worker 754287581
205 205 4 Worker 134991333
206 206 4 Worker 682115638
207 207 4 Worker 362735747
208 208 4 Worker 101729028
209 209 4 Worker 846040362
210 210 4 Worker 998226951
211 211 4 Worker 198782235
212 212 4 Worker 260834326
213 213 4 Worker 13051768
214 214 4 Worker 530118645
215 215 4 Worker 886510675
216 216 4 Worker 845637959
217 217 4 Worker 154236052
218 218 4 Worker 958939238
219 219 4 Worker 177549332
220 220 4 Worker 722578175
221 221 4 Worker 461931578
222 222 4 Worker 405716179
223 223 4 Worker 830956273
224 224 4 Worker 961719979
225 225 4 Worker 164308847
226 226 4 Worker 269339062
227 227 4 Worker 968073662
228 228 4 Worker 280016691
229 229 4 Worker 313476158
230 230 4 Worker 357419778
231 231 4 Worker 528204181
232 232 4 Worker 543011289
233 233 4 Worker 502716506
234 234 4 Worker 716564230
235 235 4 Worker 956301530
236 236 4 Worker 943853066
237 237 4 Worker 443430139
238 238 4 Worker 811505466
239 239 4 Worker 924143181
240 240 4 Worker 526251302
241 241 4 Worker 360026377
242 242 4 Worker 154631755
243 243 4 Worker 386483837
244 244 4 Worker 558919811
245 245 4 Worker 460470037
246 246 4 Worker 78918695
247 247 4 Worker 382123894
248 248 4 Worker 790027701
249 249 4 Worker 711953384
250 250 4 Worker 830494198
251 251 4 Worker 503567338
252 252 4 Worker 161656267
253 253 4 Worker 66445053
254 254 4 Worker 307523027
255 255 4 Worker 248794663
