0 0 -1 Splicer 685362978
1 1 0 Worker 264946349
2 2 -1 PersistentDB 384534018
3 3 -1 InMemoryDB 764238737
4 4 -1 WorkManager 543157296
5 5 4 Worker 664638209
6 6 4 Worker 57930421
7 7 4 Worker 777830322
8 8 4 Worker 436410712
9 9 4 Worker 108032659
10 10 4 Worker 428412184
11 11 4 Worker 568197955
12 12 4 Worker 319564195
13 13 4 Worker 33639394
14 14 4 Worker 446886138
15 15 4 Worker 219473716
16 16 4 Worker 522010036
17 17 4 Worker 745884227
18 18 4 Worker 536699324
19 19 4 Worker 23103502
20 20 4 Worker 256014302
21 21 4 Worker 681592499
22 22 4 Worker 296229801
23 23 4 Worker 833435839
24 24 4 Worker 72629242
25 25 4 Worker 458313522
26 26 4 Worker 5276209
27 27 4 Worker 54786008
28 28 4 Worker 414717679
29 29 4 Worker 612819917
30 30 4 Worker 324583532
31 31 4 Worker 284319916
32 32 4 Worker 331994265
33 33 4 Worker 639829186
34 34 4 Worker 273517930
35 35 4 Worker 546797054
36 36 4 Worker 163153945
37 37 4 Worker 452445830
38 38 4 Worker 542182449
39 39 4 Worker 316588626
40 40 4 Worker 869513839
41 41 4 Worker 165832330
42 42 4 Worker 185625793
43 43 4 Worker 833612175
44 44 4 Worker 946180795
45 45 4 Worker 502806412
46 46 4 Worker 46795835
47 47 4 Worker 748161946
48 48 4 Worker 246002853
49 49 4 Worker 513634766
50 50 4 Worker 881969033
51 51 4 Worker 507991433
52 52 4 Worker 926830557
53 53 4 Worker 313440943
54 54 4 Worker 220268797
55 55 4 Worker 418019302
56 56 4 Worker 152503268
57 57 4 Worker 904223233
58 58 4 Worker 722733314
59 59 4 Worker 612037088
60 60 4 Worker 668764964
61 61 4 Worker 318276972
62 62 4 Worker 634687956
63 63 4 Worker 801607818
64 64 4 Worker 170098240
65 65 4 Worker 495670356
66 66 4 Worker 61420601
67 67 4 Worker 74567906
68 68 4 Worker 789905126
69 69 4 Worker 715611702
70 70 4 Worker 172839508
71 71 4 Worker 158211499
72 72 4 Worker 938961797
73 73 4 Worker 910075862
74 74 4 Worker 126945727
75 75 4 Worker 694640476
76 76 4 Worker 920116982
77 77 4 Worker 745512826
78 78 4 Worker 845225517
79 79 4 Worker 720270216
80 80 4 Worker 107997593
81 81 4 Worker 98661202
82 82 4 Worker 850373629
83 83 4 Worker 978676310
84 84 4 Worker 66059010
85 85 4 Worker 195623547
86 86 4 Worker 856884076
87 87 4 Worker 732823122
88 88 4 Worker 178152046
89 89 4 Worker 428228651
90 90 4 Worker 981423858
91 91 4 Worker 15966604
92 92 4 Worker 795076185
93 93 4 Worker 463029995
94 94 4 Worker 655330339
95 95 4 Worker 747621102
96 96 4 Worker 778592088
97 97 4 Worker 597527648
98 98 4 Worker 279677093
99 99 4 Worker 141818283
100 100 4 Worker 25326697
101 101 4 Worker 855321563
102 102 4 Worker 216245088
103 103 4 Worker 850912623
104 104 4 Worker 407669799
105 105 4 Worker 315485584
106 106 4 Worker 310877620
107 107 4 Worker 571511084
108 108 4 Worker 107715673
109 109 4 Worker 836993855
110 110 4 Worker 744869095
111 111 4 Worker 310994593
112 112 4 Worker 785604386
113 113 4 Worker 881823438
114 114 4 Worker 339761371
115 115 4 Worker 783703460
116 116 4 Worker 130420917
117 117 4 Worker 839938031
118 118 4 Worker 70065264
119 119 4 Worker 894255826
120 120 4 Worker 606240894
121 121 4 Worker 489423379
122 122 4 Worker 949493128
123 123 4 Worker 181568773
124 124 4 Worker 801257482
125 125 4 Worker 275158599
126 126 4 Worker 660611886
127 127 4 Worker 854131973
128 128 4 Worker 428507348
129 129 4 Worker 113571792
130 130 4 Worker 394513883
131 131 4 Worker 42815247
132 132 4 Worker 669757489
133 133 4 Worker 567990094
134 134 4 Worker 926441795
135 135 4 Worker 792435858
136 136 4 Worker 51204445
137 137 4 Worker 546556568
138 138 4 Worker 583850745
139 139 4 Worker 706172846
140 140 4 Worker 897151083
141 141 4 Worker 854662310
142 142 4 Worker 278591009
143 143 4 Worker 695272804
144 144 4 Worker 988538639
145 145 4 Worker 755628672
146 146 4 Worker 553495924
147 147 4 Worker 878714816
148 148 4 Worker 805284706
149 149 4 Worker 437911956
150 150 4 Worker 110913196
151 151 4 Worker 93120247
152 152 4 Worker 697945275
153 153 4 Worker 434897736
154 154 4 Worker 983795230
155 155 4 Worker 252996673
156 156 4 Worker 419109607
157 157 4 Worker 507050662
158 158 4 Worker 277797212
159 159 4 Worker 651213771
160 160 4 Worker 552495922
161 161 4 Worker 103726904
162 162 4 Worker 193681949
163 163 4 Worker 232838172
164 164 4 Worker 964264437
165 165 4 Worker 934306235
166 166 4 Worker 851365983
167 167 4 Worker 372612014
168 168 4 Worker 839547819
169 169 4 Worker 386921426
170 170 4 Worker 40707711
171 171 4 Worker 349915237
172 172 4 Worker 239830027
173 173 4 Worker 924032173
174 174 4 Worker 865831187
175 175 4 Worker 546709672
176 176 4 Worker 40467273
177 177 4 Worker 226114273
178 178 4 Worker 179723518
179 179 4 Worker 127405641
180 180 4 Worker 967738833
181 181 4 Worker 146443677
182 182 4 Worker 497459723
183 183 4 Worker 271143501
184 184 4 Worker 468536978
185 185 4 Worker 383200864
186 186 4 Worker 93581310
187 187 4 Worker 175069282
188 188 4 Worker 790131655
189 189 4 Worker 815311136
190 190 4 Worker 103135757
191 191 4 Worker 667156635
192 192 4 Worker 368930719
193 193 4 Worker 295596776
194 194 4 Worker 819669714
195 195 4 Worker 104457230
196 196 4 Worker 551402745
197 197 4 Worker 78550746
198 198 4 Worker 8017232
199 199 4 Worker 63658859
200 200 4 Worker 966718476
201 201 4 Worker 697844017
202 202 4 Worker 967864178
203 203 4 Worker 305473968
204 204 4 Worker 137045759
205 205 4 Worker 859199601
206 206 4 Worker 400181532
207 207 4 Worker 823706220
208 208 4 Worker 642698370
209 209 4 Worker 669688515
210 210 4 Worker 256470594
211 211 4 Worker 523561915
212 212 4 Worker 217831470
213 213 4 Worker 651868821
214 214 4 Worker 861438416
215 215 4 Worker 215186414
216 216 4 Worker 96029452
217 217 4 Worker 265906547
218 218 4 Worker 72475677
219 219 4 Worker 24379956
220 220 4 Worker 770392956
221 221 4 Worker 189118314
222 222 4 Worker 960445252
223 223 4 Worker 312497587
224 224 4 Worker 688962190
225 225 4 Worker 937010001
226 226 4 Worker 454510014
227 227 4 Worker 942735480
228 228 4 Worker 610638263
229 229 4 Worker 38818111
230 230 4 Worker 380469601
231 231 4 Worker 47433774
232 232 4 Worker 310349727
233 233 4 Worker 544451679
234 234 4 Worker 5114167
235 235 4 Worker 924780952
236 236 4 Worker 679087473
237 237 4 Worker 117897261
238 238 4 Worker 367031270
239 239 4 Worker 54246114
240 240 4 Worker 940529557
241 241 4 Worker 368125905
242 242 4 Worker 951702523
243 243 4 Worker 627899047
244 244 4 Worker 21036308
245 245 4 Worker 214226359
246 246 4 Worker 756732108
247 247 4 Worker 502895160
248 248 4 Worker 261040604
249 249 4 Worker 855354100
250 250 4 Worker 473142124
251 251 4 Worker 905649110
252 252 4 Worker 827896667
253 253 4 Worker 757426517
254 254 4 Worker 447139605
255 255 4 Worker 253407104
