0 0 -1 Splicer 118562648
1 1 0 Worker 189428873
2 2 -1 PersistentDB 436606783
3 3 -1 InMemoryDB 284442273
4 4 -1 WorkManager 837384817
5 5 4 Worker 285431898
6 6 4 Worker 591971525
7 7 4 Worker 793073646
8 8 4 Worker 535674551
9 9 4 Worker 615625495
10 10 4 Worker 999695514
11 11 4 Worker 436752101
12 12 4 Worker 859977887
13 13 4 Worker 166706567
14 14 4 Worker 906160964
15 15 4 Worker 858593564
16 16 4 Worker 751412224
17 17 4 Worker 979933326
18 18 4 Worker 237534317
19 19 4 Worker 901205334
20 20 4 Worker 447991746
21 21 4 Worker 98850833
22 22 4 Worker 111371028
23 23 4 Worker 456723720
24 24 4 Worker 129073390
25 25 4 Worker 100998710
26 26 4 Worker 118256674
27 27 4 Worker 920734456
28 28 4 Worker 543595987
29 29 4 Worker 675428910
30 30 4 Worker 170944691
31 31 4 Worker 841821393
32 32 4 Worker 424377368
33 33 4 Worker 869042925
34 34 4 Worker 104161060
35 35 4 Worker 695906022
36 36 4 Worker 806063317
37 37 4 Worker 936929810
38 38 4 Worker 360867481
39 39 4 Worker 467728337
40 40 4 Worker 991032683
41 41 4 Worker 362739582
42 42 4 Worker 929369370
43 43 4 Worker 61034976
44 44 4 Worker 968368089
45 45 4 Worker 698143018
46 46 4 Worker 731516817
47 47 4 Worker 674380827
48 48 4 Worker 654138792
49 49 4 Worker 660740784
50 50 4 Worker 951620090
51 51 4 Worker 219739114
52 52 4 Worker 386070885
53 53 4 Worker 221676940
54 54 4 Worker 35884336
55 55 4 Worker 959535089
56 56 4 Worker 803437598
57 57 4 Worker 317761704
58 58 4 Worker 739453221
59 59 4 Worker 421652997
60 60 4 Worker 936588957
61 61 4 Worker 69953271
62 62 4 Worker 758905021
63 63 4 Worker 473116102
64 64 4 Worker 122771468
65 65 4 Worker 564353599
66 66 4 Worker 243267417
67 67 4 Worker 356009961
68 68 4 Worker 19194256
69 69 4 Worker 774034640
70 70 4 Worker 797893008
71 71 4 Worker 576709484
72 72 4 Worker 135234990
73 73 4 Worker 958318939
74 74 4 Worker 744561661
75 75 4 Worker 664995371
76 76 4 Worker 530222066
77 77 4 Worker 303429422
78 78 4 Worker 476337203
79 79 4 Worker 331380101
80 80 4 Worker 84958187
81 81 4 Worker 424694530
82 82 4 Worker 935910990
83 83 4 Worker 633573108
84 84 4 Worker 696276592
85 85 4 Worker 952942820
86 86 4 Worker 801685683
87 87 4 Worker 171470220
88 88 4 Worker 52931651
89 89 4 Worker 225555866
90 90 4 Worker 401856879
91 91 4 Worker 993195018
92 92 4 Worker 188311588
93 93 4 Worker 428700654
94 94 4 Worker 278735004
95 95 4 Worker 432703931
96 96 4 Worker 276679060
97 97 4 Worker 336395207
98 98 4 Worker 25382019
99 99 4 Worker 278640595
100 100 4 Worker 586863271
101 101 4 Worker 41737792
102 102 4 Worker 172871652
103 103 4 Worker 804660304
104 104 4 Worker 597461496
105 105 4 Worker 286404654
106 106 4 Worker 228386581
107 107 4 Worker 413760319
108 108 4 Worker 769227978
109 109 4 Worker 852295369
110 110 4 Worker 255782553
111 111 4 Worker 497888391
112 112 4 Worker 113212985
113 113 4 Worker 52109861
114 114 4 Worker 794264292
115 115 4 Worker 857520079
116 116 4 Worker 477436127
117 117 4 Worker 844654772
118 118 4 Worker 593434931
119 119 4 Worker 46069592
120 120 4 Worker 994076408
121 121 4 Worker 222123338
122 122 4 Worker 314187526
123 123 4 Worker 252571701
124 124 4 Worker 353264583
125 125 4 Worker 554972783
126 126 4 Worker 811580613
127 127 4 Worker 425011388
128 128 4 Worker 738924857
129 129 4 Worker 201360197
130 130 4 Worker 903866568
131 131 4 Worker 325557160
132 132 4 Worker 672454910
133 133 4 Worker 812308468
134 134 4 Worker 660799949
135 135 4 Worker 632058080
136 136 4 Worker 943406471
137 137 4 Worker 786472818
138 138 4 Worker 664420989
139 139 4 Worker 436658637
140 140 4 Worker 585033273
141 141 4 Worker 778767582
142 142 4 Worker 289348157
143 143 4 Worker 224992781
144 144 4 Worker 373951150
145 145 4 Worker 995072077
146 146 4 Worker 531118695
147 147 4 Worker 357229386
148 148 4 Worker 950221551
149 149 4 Worker 459845211
150 150 4 Worker 744942947
151 151 4 Worker 465829999
152 152 4 Worker 650055601
153 153 4 Worker 540470938
154 154 4 Worker 550991388
155 155 4 Worker 188852927
156 156 4 Worker 940306051
157 157 4 Worker 786710779
158 158 4 Worker 947821723
159 159 4 Worker 203272727
160 160 4 Worker 959804491
161 161 4 Worker 211433569
162 162 4 Worker 626775090
163 163 4 Worker 168301152
164 164 4 Worker 551820937
165 165 4 Worker 390750845
166 166 4 Worker 939659316
167 167 4 Worker 739608498
168 168 4 Worker 201435757
169 169 4 Worker 921461925
170 170 4 Worker 8064035
171 171 4 Worker 565149161
172 172 4 Worker 29142180
173 173 4 Worker 224221245
174 174 4 Worker 368666960
175 175 4 Worker 424722173
176 176 4 Worker 949252683
177 177 4 Worker 319524933
178 178 4 Worker 409300173
179 179 4 Worker 258817666
180 180 4 Worker 896449817
181 181 4 Worker 280830277
182 182 4 Worker 593845285
183 183 4 Worker 652734898
184 184 4 Worker 805463021
185 185 4 Worker 926844853
186 186 4 Worker 35848331
187 187 4 Worker 733241319
188 188 4 Worker 272140880
189 189 4 Worker 250703328
190 190 4 Worker 187839285
191 191 4 Worker 742907943
192 192 4 Worker 75213579
193 193 4 Worker 342179288
194 194 4 Worker 357144708
195 195 4 Worker 704154965
196 196 4 Worker 863060217
197 197 4 Worker 747688209
198 198 4 Worker 44347210
199 199 4 Worker 503865052
200 200 4 Worker 404907095
201 201 4 Worker 557220986
202 202 4 Worker 237651393
203 203 4 Worker 863420759
204 204 4 Worker 390341306
205 205 4 Worker 457736138
206 206 4 Worker 970656693
207 207 4 Worker 120104966
208 208 4 Worker 894549955
209 209 4 Worker 410974648
210 210 4 Worker 473365566
211 211 4 Worker 902041695
212 212 4 Worker 848035737
213 213 4 Worker 848427622
214 214 4 Worker 15125111
215 215 4 Worker 361753099
216 216 4 Worker 707761592
217 217 4 Worker 21784147
218 218 4 Worker 612756084
219 219 4 Worker 828260094
220 220 4 Worker 48177652
221 221 4 Worker 741569385
222 222 4 Worker 774229463
223 223 4 Worker 139608163
224 224 4 Worker 99543817
225 225 4 Worker 792350394
226 226 4 Worker 405779976
227 227 4 Worker 377634807
228 228 4 Worker 851899037
229 229 4 Worker 915345276
230 230 4 Worker 149662041
231 231 4 Worker 407461017
232 232 4 Worker 981106614
233 233 4 Worker 755058646
234 234 4 Worker 602642390
235 235 4 Worker 962638579
236 236 4 Worker 655955149
237 237 4 Worker 678609904
238 238 4 Worker 50947036
239 239 4 Worker 654623332
240 240 4 Worker 755993895
241 241 4 Worker 71314209
242 242 4 Worker 374693555
243 243 4 Worker 358072808
244 244 4 Worker 481762857
245 245 4 Worker 767949995
246 246 4 Worker 137428865
247 247 4 Worker 338387149
248 248 4 Worker 169202549
249 249 4 Worker 409709939
250 250 4 Worker 258859148
251 251 4 Worker 587512034
252 252 4 Worker 478978787
253 253 4 Worker 187988929
254 254 4 Worker 349100544
255 255 4 Worker 605666223
