0 0 -1 Splicer 47843372
1 1 0 Worker 5769611
2 2 -1 PersistentDB 181336284
3 3 -1 InMemoryDB 686558127
4 4 -1 WorkManager 227190352
5 5 4 Worker 476955174
6 6 4 Worker 471699107
7 7 4 Worker 101225193
8 8 4 Worker 371263547
9 9 4 Worker 640144518
10 10 4 Worker 255607047
11 11 4 Worker 935308625
12 12 4 Worker 304711897
13 13 4 Worker 514472799
14 14 4 Worker 166764273
15 15 4 Worker 853165889
16 16 4 Worker 802926160
17 17 4 Worker 500288855
18 18 4 Worker 966879858
19 19 4 Worker 545777010
20 20 4 Worker 167402746
21 21 4 Worker 234463185
22 22 4 Worker 778502876
23 23 4 Worker 589874206
24 24 4 Worker 376560326
25 25 4 Worker 955573333
26 26 4 Worker 683553623
27 27 4 Worker 103538600
28 28 4 Worker 702921241
29 29 4 Worker 442010741
30 30 4 Worker 937840255
31 31 4 Worker 788131309
32 32 4 Worker 621546213
33 33 4 Worker 274911537
34 34 4 Worker 340717405
35 35 4 Worker 249979556
36 36 4 Worker 672059704
37 37 4 Worker 485230795
38 38 4 Worker 381976303
39 39 4 Worker 973369217
40 40 4 Worker 63995810
41 41 4 Worker 332143153
42 42 4 Worker 737757415
43 43 4 Worker 837686475
44 44 4 Worker 407113375
45 45 4 Worker 549391622
46 46 4 Worker 657941508
47 47 4 Worker 656940748
48 48 4 Worker 977629798
49 49 4 Worker 920058057
50 50 4 Worker 860421750
51 51 4 Worker 753916781
52 52 4 Worker 852588515
53 53 4 Worker 926098206
54 54 4 Worker 601716479
55 55 4 Worker 682070052
56 56 4 Worker 484145225
57 57 4 Worker 126178528
58 58 4 Worker 687276917
59 59 4 Worker 59411514
60 60 4 Worker 237371210
61 61 4 Worker 614625861
62 62 4 Worker 888367272
63 63 4 Worker 375035324
64 64 4 Worker 801596923
65 65 4 Worker 929750269
66 66 4 Worker 172085298
67 67 4 Worker 82682145
68 68 4 Worker 651583839
69 69 4 Worker 955989222
70 70 4 Worker 804263203
71 71 4 Worker 495821721
72 72 4 Worker 697934258
73 73 4 Worker 156288063
74 74 4 Worker 698717213
75 75 4 Worker 779241667
76 76 4 Worker 552584186
77 77 4 Worker 918777769
78 78 4 Worker 230361696
79 79 4 Worker 257982084
80 80 4 Worker 970541074
81 81 4 Worker 543833927
82 82 4 Worker 437127728
83 83 4 Worker 366956508
84 84 4 Worker 368702831
85 85 4 Worker 363970088
86 86 4 Worker 575111974
87 87 4 Worker 1497315
88 88 4 Worker 924408176
89 89 4 Worker 101423581
90 90 4 Worker 395126140
91 91 4 Worker 136866463
92 92 4 Worker 227544199
93 93 4 Worker 169607266
94 94 4 Worker 132273284
95 95 4 Worker 917858197
96 96 4 Worker 894570319
97 97 4 Worker 61671206
98 98 4 Worker 503715361
99 99 4 Worker 506088477
100 100 4 Worker 779365089
101 101 4 Worker 928735927
102 102 4 Worker 381814057
103 103 4 Worker 684283629
104 104 4 Worker 771303957
105 105 4 Worker 469071391
106 106 4 Worker 9295517
107 107 4 Worker 819599959
108 108 4 Worker 870873907
109 109 4 Worker 242889953
110 110 4 Worker 831752854
111 111 4 Worker 899031655
112 112 4 Worker 539179053
113 113 4 Worker 746635862
114 114 4 Worker 287911523
115 115 4 Worker 574033920
116 116 4 Worker 186573373
117 117 4 Worker 748715314
118 118 4 Worker 634153196
119 119 4 Worker 422863340
120 120 4 Worker 591808518
121 121 4 Worker 50702604
122 122 4 Worker 639910558
123 123 4 Worker 823460434
124 124 4 Worker 442664149
125 125 4 Worker 981494252
126 126 4 Worker 921695875
127 127 4 Worker 828394878
128 128 4 Worker 530001250
129 129 4 Worker 312757894
130 130 4 Worker 672154473
131 131 4 Worker 796942081
132 132 4 Worker 750136222
133 133 4 Worker 362920433
134 134 4 Worker 941743819
135 135 4 Worker 820606021
136 136 4 Worker 339790366
137 137 4 Worker 263052584
138 138 4 Worker 931204592
139 139 4 Worker 524073475
140 140 4 Worker 835506120
141 141 4 Worker 245391306
142 142 4 Worker 260012412
143 143 4 Worker 685641174
144 144 4 Worker 944866400
145 145 4 Worker 502512521
146 146 4 Worker 331422582
147 147 4 Worker 608998764
148 148 4 Worker 696498602
149 149 4 Worker 419224717
150 150 4 Worker 557768275
151 151 4 Worker 634885999
152 152 4 Worker 914229077
153 153 4 Worker 73549089
154 154 4 Worker 113014870
155 155 4 Worker 202395133
156 156 4 Worker 218991852
157 157 4 Worker 552911786
158 158 4 Worker 152420230
159 159 4 Worker 231726373
160 160 4 Worker 340810512
161 161 4 Worker 60508441
162 162 4 Worker 968859167
163 163 4 Worker 240461762
164 164 4 Worker 66618608
165 165 4 Worker 933155027
166 166 4 Worker 82719950
167 167 4 Worker 978086248
168 168 4 Worker 917314357
169 169 4 Worker 581911332
170 170 4 Worker 117200005
171 171 4 Worker 754643959
172 172 4 Worker 385927526
173 173 4 Worker 705490300
174 174 4 Worker 303995392
175 175 4 Worker 64888652
176 176 4 Worker 49429711
177 177 4 Worker 482290029
178 178 4 Worker 763823456
179 179 4 Worker 436663942
180 180 4 Worker 367383149
181 181 4 Worker 121793182
182 182 4 Worker 671331044
183 183 4 Worker 835634439
184 184 4 Worker 819063209
185 185 4 Worker 84959004
186 186 4 Worker 959211412
187 187 4 Worker 768985845
188 188 4 Worker 21325355
189 189 4 Worker 840672430
190 190 4 Worker 808365604
191 191 4 Worker 709248924
192 192 4 Worker 123300443
193 193 4 Worker 50599612
194 194 4 Worker 279801861
195 195 4 Worker 63293723
196 196 4 Worker 321971254
197 197 4 Worker 910955534
198 198 4 Worker 153370400
199 199 4 Worker 357906103
200 200 4 Worker 259839358
201 201 4 Worker 191228553
202 202 4 Worker 719281167
203 203 4 Worker 909254018
204 204 4 Worker 412212913
205 205 4 Worker 233928469
206 206 4 Worker 560565226
207 207 4 Worker 253330360
208 208 4 Worker 97624234
209 209 4 Worker 745549325
210 210 4 Worker 805370921
211 211 4 Worker 176967000
212 212 4 Worker 151320546
213 213 4 Worker 220126442
214 214 4 Worker 231306606
215 215 4 Worker 239245982
216 216 4 Worker 889780716
217 217 4 Worker 380409490
218 218 4 Worker 127420935
219 219 4 Worker 993684884
220 220 4 Worker 142203753
221 221 4 Worker 263254786
222 222 4 Worker 524792389
223 223 4 Worker 466927318
224 224 4 Worker 364515807
225 225 4 Worker 979716251
226 226 4 Worker 78484286
227 227 4 Worker 464001125
228 228 4 Worker 650696146
229 229 4 Worker 366183379
230 230 4 Worker 535147749
231 231 4 Worker 426819107
232 232 4 Worker 540050138
233 233 4 Worker 369831599
234 234 4 Worker 495092178
235 235 4 Worker 569288169
236 236 4 Worker 388632724
237 237 4 Worker 343666486
238 238 4 Worker 443981152
239 239 4 Worker 487902753
240 240 4 Worker 814178716
241 241 4 Worker 891947621
242 242 4 Worker 297535595
243 243 4 Worker 823455441
244 244 4 Worker 154870045
245 245 4 Worker 714558633
246 246 4 Worker 342231628
247 247 4 Worker 238278703
248 248 4 Worker 821696954
249 249 4 Worker 928905149
250 250 4 Worker 558368602
251 251 4 Worker 385429909
252 252 4 Worker 344441065
253 253 4 Worker 82855965
254 254 4 Worker 847763553
255 255 4 Worker 564526584
