0 0 -1 Splicer 44778776
1 1 0 Worker 206084656
2 2 -1 PersistentDB 402721410
3 3 -1 InMemoryDB 980438975
4 4 -1 WorkManager 417367665
5 5 4 Worker 958530078
6 6 4 Worker 982181300
7 7 4 Worker 795474597
8 8 4 Worker 672376137
9 9 4 Worker 356287260
10 10 4 Worker 279951630
11 11 4 Worker 328730001
12 12 4 Worker 726328262
13 13 4 Worker 957137991
14 14 4 Worker 719487093
15 15 4 Worker 581907630
16 16 4 Worker 846647062
17 17 4 Worker 188544136
18 18 4 Worker 138818865
19 19 4 Worker 524581666
20 20 4 Worker 545871066
21 21 4 Worker 882728547
22 22 4 Worker 938564331
23 23 4 Worker 75409826
24 24 4 Worker 656415254
25 25 4 Worker 215939037
26 26 4 Worker 788057431
27 27 4 Worker 271257009
28 28 4 Worker 260595453
29 29 4 Worker 75210139
30 30 4 Worker 245566435
31 31 4 Worker 417009303
32 32 4 Worker 472082790
33 33 4 Worker 341850977
34 34 4 Worker 793250393
35 35 4 Worker 337740358
36 36 4 Worker 437161847
37 37 4 Worker 33520455
38 38 4 Worker 668666656
39 39 4 Worker 128278528
40 40 4 Worker 138698574
41 41 4 Worker 345317145
42 42 4 Worker 201058855
43 43 4 Worker 788523755
44 44 4 Worker 232010144
45 45 4 Worker 708045335
46 46 4 Worker 415914332
47 47 4 Worker 639584355
48 48 4 Worker 975301476
49 49 4 Worker 236264533
50 50 4 Worker 702978704
51 51 4 Worker 124648323
52 52 4 Worker 697733813
53 53 4 Worker 310664134
54 54 4 Worker 520572748
55 55 4 Worker 721756105
56 56 4 Worker 450691580
57 57 4 Worker 775008642
58 58 4 Worker 682118400
59 59 4 Worker 489940531
60 60 4 Worker 820363300
61 61 4 Worker 558854786
62 62 4 Worker 569724332
63 63 4 Worker 870004211
64 64 4 Worker 429072928
65 65 4 Worker 94763019
66 66 4 Worker 3753126
67 67 4 Worker 47808459
68 68 4 Worker 285834595
69 69 4 Worker 373990962
70 70 4 Worker 86351713
71 71 4 Worker 557972648
72 72 4 Worker 113244141
73 73 4 Worker 158243994
74 74 4 Worker 670163974
75 75 4 Worker 565853180
76 76 4 Worker 27563045
77 77 4 Worker 844810227
78 78 4 Worker 57051929
79 79 4 Worker 264568244
80 80 4 Worker 447688732
81 81 4 Worker 377302534
82 82 4 Worker 715339840
83 83 4 Worker 188753230
84 84 4 Worker 476367506
85 85 4 Worker 453860455
86 86 4 Worker 598514315
87 87 4 Worker 505410591
88 88 4 Worker 349304813
89 89 4 Worker 242753761
90 90 4 Worker 361000426
91 91 4 Worker 58993099
92 92 4 Worker 527732458
93 93 4 Worker 233618611
94 94 4 Worker 527960112
95 95 4 Worker 648145902
96 96 4 Worker 279242083
97 97 4 Worker 163355251
98 98 4 Worker 828429640
99 99 4 Worker 278339420
100 100 4 Worker 947069978
101 101 4 Worker 786216481
102 102 4 Worker 972406779
103 103 4 Worker 403120077
104 104 4 Worker 163793673
105 105 4 Worker 444446105
106 106 4 Worker 160666359
107 107 4 Worker 216579999
108 108 4 Worker 681224446
109 109 4 Worker 322648248
110 110 4 Worker 426057322
111 111 4 Worker 713057399
112 112 4 Worker 539694937
113 113 4 Worker 408992420
114 114 4 Worker 656224896
115 115 4 Worker 880886758
116 116 4 Worker 273603883
117 117 4 Worker 724171888
118 118 4 Worker 859641810
119 119 4 Worker 200457216
120 120 4 Worker 266270229
121 121 4 Worker 290598599
122 122 4 Worker 37288943
123 123 4 Worker 671877133
124 124 4 Worker 710094992
125 125 4 Worker 844042911
126 126 4 Worker 311535452
127 127 4 Worker 297055863
128 128 4 Worker 384773584
129 129 4 Worker 311521770
130 130 4 Worker 90833373
131 131 4 Worker 41630586
132 132 4 Worker 97345976
133 133 4 Worker 724763620
134 134 4 Worker 523062637
135 135 4 Worker 904102465
136 136 4 Worker 92561773
137 137 4 Worker 156462009
138 138 4 Worker 78717574
139 139 4 Worker 390147686
140 140 4 Worker 553699180
141 141 4 Worker 434240292
142 142 4 Worker 216224500
143 143 4 Worker 620158287
144 144 4 Worker 523610568
145 145 4 Worker 800575512
146 146 4 Worker 253507823
147 147 4 Worker 308771492
148 148 4 Worker 187278455
149 149 4 Worker 757197065
150 150 4 Worker 379616955
151 151 4 Worker 296622497
152 152 4 Worker 240103453
153 153 4 Worker 765880318
154 154 4 Worker 128239678
155 155 4 Worker 812144298
156 156 4 Worker 278004671
157 157 4 Worker 191898451
158 158 4 Worker 23099100
159 159 4 Worker 518522458
160 160 4 Worker 559270382
161 161 4 Worker 898277619
162 162 4 Worker 224159354
163 163 4 Worker 428505762
164 164 4 Worker 844268640
165 165 4 Worker 660963899
166 166 4 Worker 619605922
167 167 4 Worker 30534119
168 168 4 Worker 635066354
169 169 4 Worker 408525965
170 170 4 Worker 630279749
171 171 4 Worker 56601648
172 172 4 Worker 689884788
173 173 4 Worker 639951096
174 174 4 Worker 746767282
175 175 4 Worker 170735170
176 176 4 Worker 545401048
177 177 4 Worker 769091447
178 178 4 Worker 448090515
179 179 4 Worker 837565737
180 180 4 Worker 574178581
181 181 4 Worker 655120221
182 182 4 Worker 591012021
183 183 4 Worker 913620692
184 184 4 Worker 228464414
185 185 4 Worker 359315746
186 186 4 Worker 650087895
187 187 4 Worker 791434969
188 188 4 Worker 788848954
189 189 4 Worker 94920105
190 190 4 Worker 783997421
191 191 4 Worker 90165969
192 192 4 Worker 205688059
193 193 4 Worker 241891323
194 194 4 Worker 327819490
195 195 4 Worker 362961849
196 196 4 Worker 221649007
197 197 4 Worker 354710360
198 198 4 Worker 390289920
199 199 4 Worker 356148050
200 200 4 Worker 243341066
201 201 4 Worker 819559978
202 202 4 Worker 863926886
203 203 4 Worker 625823823
204 204 4 Worker 165500077
205 205 4 Worker 272739278
206 206 4 Worker 850817708
207 207 4 Worker 828297314
208 208 4 Worker 103564362
209 209 4 Worker 848221165
210 210 4 Worker 454792552
211 211 4 Worker 389149692
212 212 4 Worker 11939086
213 213 4 Worker 827044476
214 214 4 Worker 15878103
215 215 4 Worker 390199776
216 216 4 Worker 493535881
217 217 4 Worker 867779625
218 218 4 Worker 856715107
219 219 4 Worker 261683462
220 220 4 Worker 424023600
221 221 4 Worker 249001188
222 222 4 Worker 54861705
223 223 4 Worker 685924879
224 224 4 Worker 689866146
225 225 4 Worker 571560015
226 226 4 Worker 763589085
227 227 4 Worker 207859473
228 228 4 Worker 777516611
229 229 4 Worker 676978443
230 230 4 Worker 862127099
231 231 4 Worker 493576739
232 232 4 Worker 648599018
233 233 4 Worker 870828419
234 234 4 Worker 460819530
235 235 4 Worker 822642920
236 236 4 Worker 836535528
237 237 4 Worker 952832933
238 238 4 Worker 560555350
239 239 4 Worker 635844389
240 240 4 Worker 36702402
241 241 4 Worker 816482457
242 242 4 Worker 6691410
243 243 4 Worker 97648409
244 244 4 Worker 886940762
245 245 4 Worker 304403085
246 246 4 Worker 255872897
247 247 4 Worker 507505462
248 248 4 Worker 235401409
249 249 4 Worker 775921474
250 250 4 Worker 439144480
251 251 4 Worker 129147224
252 252 4 Worker 989076247
253 253 4 Worker 944393947
254 254 4 Worker 414903385
255 255 4 Worker 114147285
