0 0 -1 Splicer 330316437
1 1 0 Worker 62630080
2 2 -1 PersistentDB 326894885
3 3 -1 InMemoryDB 640781919
4 4 -1 WorkManager 379452867
5 5 4 Worker 725296183
6 6 4 Worker 413585211
7 7 4 Worker 938259761
8 8 4 Worker 626046285
9 9 4 Worker 857750304
10 10 4 Worker 330210016
11 11 4 Worker 390149808
12 12 4 Worker 416316892
13 13 4 Worker 991624413
14 14 4 Worker 878017287
15 15 4 Worker 901667011
16 16 4 Worker 368440430
17 17 4 Worker 807381699
18 18 4 Worker 522650336
19 19 4 Worker 753286483
20 20 4 Worker 726498188
21 21 4 Worker 313753270
22 22 4 Worker 767182348
23 23 4 Worker 571053002
24 24 4 Worker 68613686
25 25 4 Worker 637209081
26 26 4 Worker 337476932
27 27 4 Worker 895802035
28 28 4 Worker 367651403
29 29 4 Worker 553159025
30 30 4 Worker 1396694
31 31 4 Worker 228224311
32 32 4 Worker 973832206
33 33 4 Worker 971394151
34 34 4 Worker 683980735
35 35 4 Worker 184425835
36 36 4 Worker 704631236
37 37 4 Worker 40043386
38 38 4 Worker 308726639
39 39 4 Worker 723169652
40 40 4 Worker 914568056
41 41 4 Worker 182591837
42 42 4 Worker 73482120
43 43 4 Worker 764760348
44 44 4 Worker 344393756
45 45 4 Worker 570596959
46 46 4 Worker 549730352
47 47 4 Worker 762752381
48 48 4 Worker 559802018
49 49 4 Worker 906350603
50 50 4 Worker 293517249
51 51 4 Worker 275733798
52 52 4 Worker 3520348
53 53 4 Worker 107366883
54 54 4 Worker 360220562
55 55 4 Worker 636601263
56 56 4 Worker 319999147
57 57 4 Worker 96929942
58 58 4 Worker 830132899
59 59 4 Worker 821588131
60 60 4 Worker 864433021
61 61 4 Worker 439632201
62 62 4 Worker 611946488
63 63 4 Worker 122150020
64 64 4 Worker 290822926
65 65 4 Worker 558108620
66 66 4 Worker 627998333
67 67 4 Worker 508819161
68 68 4 Worker 501721327
69 69 4 Worker 210876368
70 70 4 Worker 114723471
71 71 4 Worker 887210734
72 72 4 Worker 422033276
73 73 4 Worker 169515979
74 74 4 Worker 834066981
75 75 4 Worker 350098758
76 76 4 Worker 314697244
77 77 4 Worker 999496618
78 78 4 Worker 880585945
79 79 4 Worker 720343294
80 80 4 Worker 470951884
81 81 4 Worker 103675246
82 82 4 Worker 932854469
83 83 4 Worker 354112403
84 84 4 Worker 415697762
85 85 4 Worker 33434772
86 86 4 Worker 313842190
87 87 4 Worker 730624139
88 88 4 Worker 133941902
89 89 4 Worker 123649034
90 90 4 Worker 239926739
91 91 4 Worker 939041563
92 92 4 Worker 395657051
93 93 4 Worker 532890777
94 94 4 Worker 790083067
95 95 4 Worker 86465292
96 96 4 Worker 941513707
97 97 4 Worker 793734119
98 98 4 Worker 593462021
99 99 4 Worker 624640998
100 100 4 Worker 744754098
101 101 4 Worker 382358964
102 102 4 Worker 202867637
103 103 4 Worker 893224546
104 104 4 Worker 251813577
105 105 4 Worker 392719839
106 106 4 Worker 415650130
107 107 4 Worker 635757578
108 108 4 Worker 947646710
109 109 4 Worker 154480596
110 110 4 Worker 746845418
111 111 4 Worker 965012254
112 112 4 Worker 113427221
113 113 4 Worker 755763147
114 114 4 Worker 160042509
115 115 4 Worker 357361068
116 116 4 Worker 851960623
117 117 4 Worker 555819152
118 118 4 Worker 151816824
119 119 4 Worker 593729855
120 120 4 Worker 448756807
121 121 4 Worker 79955504
122 122 4 Worker 516195811
123 123 4 Worker 793095141
124 124 4 Worker 856620820
125 125 4 Worker 308109994
126 126 4 Worker 176695736
127 127 4 Worker 733654128
128 128 4 Worker 174608128
129 129 4 Worker 418192061
130 130 4 Worker 886047053
131 131 4 Worker 950029885
132 132 4 Worker 129466804
133 133 4 Worker 78379896
134 134 4 Worker 80020069
135 135 4 Worker 984513999
136 136 4 Worker 846111428
137 137 4 Worker 747535473
138 138 4 Worker 72305753
139 139 4 Worker 302383672
140 140 4 Worker 302784348
141 141 4 Worker 570039933
142 142 4 Worker 412603232
143 143 4 Worker 11103966
144 144 4 Worker 764899153
145 145 4 Worker 656475447
146 146 4 Worker 641110168
147 147 4 Worker 92340956
148 148 4 Worker 535553754
149 149 4 Worker 257936708
150 150 4 Worker 709090103
151 151 4 Worker 728416519
152 152 4 Worker 224705995
153 153 4 Worker 172311354
154 154 4 Worker 204097148
155 155 4 Worker 421539957
156 156 4 Worker 29709384
157 157 4 Worker 497152657
158 158 4 Worker 140073649
159 159 4 Worker 2747106
160 160 4 Worker 397148909
161 161 4 Worker 680643102
162 162 4 Worker 860006858
163 163 4 Worker 705309088
164 164 4 Worker 47289327
165 165 4 Worker 811412426
166 166 4 Worker 809592056
167 167 4 Worker 686102071
168 168 4 Worker 432272900
169 169 4 Worker 878393484
170 170 4 Worker 450231096
171 171 4 Worker 783056241
172 172 4 Worker 686688494
173 173 4 Worker 929523786
174 174 4 Worker 868363069
175 175 4 Worker 616535237
176 176 4 Worker 854110256
177 177 4 Worker 835299078
178 178 4 Worker 31435556
179 179 4 Worker 392177672
180 180 4 Worker 396497623
181 181 4 Worker 740760886
182 182 4 Worker 390560705
183 183 4 Worker 786754529
184 184 4 Worker 644568414
185 185 4 Worker 143078348
186 186 4 Worker 456807091
187 187 4 Worker 137726826
188 188 4 Worker 541007197
189 189 4 Worker 101300202
190 190 4 Worker 914482025
191 191 4 Worker 371190929
192 192 4 Worker 474414585
193 193 4 Worker 699965983
194 194 4 Worker 430996373
195 195 4 Worker 57905138
196 196 4 Worker 477217268
197 197 4 Worker 900192651
198 198 4 Worker 788328949
199 199 4 Worker 755799587
200 200 4 Worker 504561246
201 201 4 Worker 131486318
202 202 4 Worker 726155424
203 203 4 Worker 256513085
204 204 4 Worker 65210774
205 205 4 Worker 642107625
206 206 4 Worker 717585680
207 207 4 Worker 498696095
208 208 4 Worker 508236394
209 209 4 Worker 498332944
210 210 4 Worker 878636348
211 211 4 Worker 49844305
212 212 4 Worker 539775590
213 213 4 Worker 242494614
214 214 4 Worker 480062929
215 215 4 Worker 874687496
216 216 4 Worker 593842597
217 217 4 Worker 290323998
218 218 4 Worker 817940483
219 219 4 Worker 682395939
220 220 4 Worker 818382614
221 221 4 Worker 110674258
222 222 4 Worker 640501286
223 223 4 Worker 988688872
224 224 4 Worker 665911403
225 225 4 Worker 836160245
226 226 4 Worker 506809962
227 227 4 Worker 459203752
228 228 4 Worker 796310735
229 229 4 Worker 382673154
230 230 4 Worker 833432010
231 231 4 Worker 837761702
232 232 4 Worker 344535860
233 233 4 Worker 530376842
234 234 4 Worker 752185977
235 235 4 Worker 232044533
236 236 4 Worker 460915134
237 237 4 Worker 86620889
238 238 4 Worker 134161548
239 239 4 Worker 291643714
240 240 4 Worker 247542278
241 241 4 Worker 709648012
242 242 4 Worker 988772111
243 243 4 Worker 777495921
244 244 4 Worker 672717183
245 245 4 Worker 970838644
246 246 4 Worker 988812883
247 247 4 Worker 466248018
248 248 4 Worker 463320007
249 249 4 Worker 96601090
250 250 4 Worker 968861260
251 251 4 Worker 864113694
252 252 4 Worker 902592365
253 253 4 Worker 51191754
254 254 4 Worker 440635032
255 255 4 Worker 17404348
