0 0 -1 Splicer 949886508
1 1 0 Worker 81827236
2 2 -1 PersistentDB 961081145
3 3 -1 InMemoryDB 973744090
4 4 -1 WorkManager 190110476
5 5 4 Worker 529439530
6 6 4 Worker 460028137
7 7 4 Worker 809961418
8 8 4 Worker 437667486
9 9 4 Worker 764234318
10 10 4 Worker 674181666
11 11 4 Worker 73978204
12 12 4 Worker 473441688
13 13 4 Worker 891292069
14 14 4 Worker 914601911
15 15 4 Worker 127703033
16 16 4 Worker 812296692
17 17 4 Worker 726019374
18 18 4 Worker 620910642
19 19 4 Worker 1311518
20 20 4 Worker 259919291
21 21 4 Worker 485984940
22 22 4 Worker 707746680
23 23 4 Worker 139041436
24 24 4 Worker 96553117
25 25 4 Worker 423588395
26 26 4 Worker 495381852
27 27 4 Worker 227895571
28 28 4 Worker 322376295
29 29 4 Worker 824220082
30 30 4 Worker 284219955
31 31 4 Worker 894795945
32 32 4 Worker 716768492
33 33 4 Worker 862158129
34 34 4 Worker 267722240
35 35 4 Worker 551171662
36 36 4 Worker 263506616
37 37 4 Worker 900905723
38 38 4 Worker 60792285
39 39 4 Worker 68583329
40 40 4 Worker 39137191
41 41 4 Worker 716517771
42 42 4 Worker 490322163
43 43 4 Worker 937902428
44 44 4 Worker 298336706
45 45 4 Worker 465193300
46 46 4 Worker 794082596
47 47 4 Worker 81496925
48 48 4 Worker 989800848
49 49 4 Worker 761440641
50 50 4 Worker 412956979
51 51 4 Worker 449355086
52 52 4 Worker 767738801
53 53 4 Worker 583439707
54 54 4 Worker 137001252
55 55 4 Worker 127526500
56 56 4 Worker 439556873
57 57 4 Worker 749102759
58 58 4 Worker 742259501
59 59 4 Worker 433940670
60 60 4 Worker 246209700
61 61 4 Worker 485764338
62 62 4 Worker 799427634
63 63 4 Worker 600546842
64 64 4 Worker 169892209
65 65 4 Worker 903929730
66 66 4 Worker 859627670
67 67 4 Worker 348354439
68 68 4 Worker 796113741
69 69 4 Worker 141647063
70 70 4 Worker 632078320
71 71 4 Worker 636085991
72 72 4 Worker 637568583
73 73 4 Worker 636616399
74 74 4 Worker 569370007
75 75 4 Worker 822528459
76 76 4 Worker 550698466
77 77 4 Worker 330577751
78 78 4 Worker 435861776
79 79 4 Worker 959240142
80 80 4 Worker 281524202
81 81 4 Worker 565355411
82 82 4 Worker 953970440
83 83 4 Worker 275404820
84 84 4 Worker 544806129
85 85 4 Worker 399686454
86 86 4 Worker 588663905
87 87 4 Worker 306859164
88 88 4 Worker 206197510
89 89 4 Worker 871736218
90 90 4 Worker 624573217
91 91 4 Worker 933105697
92 92 4 Worker 16076780
93 93 4 Worker 555963865
94 94 4 Worker 344423234
95 95 4 Worker 678592861
96 96 4 Worker 595688632
97 97 4 Worker 767661920
98 98 4 Worker 62254446
99 99 4 Worker 524406047
100 100 4 Worker 449589146
101 101 4 Worker 964513202
102 102 4 Worker 687090364
103 103 4 Worker 505285582
104 104 4 Worker 941995150
105 105 4 Worker 980997753
106 106 4 Worker 392626989
107 107 4 Worker 925350845
108 108 4 Worker 287185385
109 109 4 Worker 680106252
110 110 4 Worker 979649426
111 111 4 Worker 324650964
112 112 4 Worker 899162525
113 113 4 Worker 103547148
114 114 4 Worker 523786281
115 115 4 Worker 658076725
116 116 4 Worker 898043539
117 117 4 Worker 345642960
118 118 4 Worker 814253644
119 119 4 Worker 308452245
120 120 4 Worker 973952948
121 121 4 Worker 542669594
122 122 4 Worker 874529226
123 123 4 Worker 495574011
124 124 4 Worker 987569348
125 125 4 Worker 656099015
126 126 4 Worker 250918476
127 127 4 Worker 945947733
128 128 4 Worker 708955626
129 129 4 Worker 937617429
130 130 4 Worker 852093120
131 131 4 Worker 306812875
132 132 4 Worker 631197373
133 133 4 Worker 234084146
134 134 4 Worker 968424785
135 135 4 Worker 54566332
136 136 4 Worker 176476459
137 137 4 Worker 567202156
138 138 4 Worker 219669435
139 139 4 Worker 314794934
140 140 4 Worker 943001274
141 141 4 Worker 420309329
142 142 4 Worker 997387899
143 143 4 Worker 457224439
144 144 4 Worker 928322117
145 145 4 Worker 771813181
146 146 4 Worker 228155778
147 147 4 Worker 745230709
148 148 4 Worker 242550316
149 149 4 Worker 403537491
150 150 4 Worker 838991017
151 151 4 Worker 862903444
152 152 4 Worker 427546650
153 153 4 Worker 897284277
154 154 4 Worker 793044649
155 155 4 Worker 306562937
156 156 4 Worker 943853608
157 157 4 Worker 54085383
158 158 4 Worker 167346299
159 159 4 Worker 393536158
160 160 4 Worker 578810637
161 161 4 Worker 859078198
162 162 4 Worker 466384727
163 163 4 Worker 158989188
164 164 4 Worker 709317231
165 165 4 Worker 499590142
166 166 4 Worker 707514432
167 167 4 Worker 309120476
168 168 4 Worker 934054668
169 169 4 Worker 73421206
170 170 4 Worker 710491497
171 171 4 Worker 872217561
172 172 4 Worker 964788148
173 173 4 Worker 466751137
174 174 4 Worker 707290594
175 175 4 Worker 140107659
176 176 4 Worker 549472760
177 177 4 Worker 955627104
178 178 4 Worker 621275241
179 179 4 Worker 757878714
180 180 4 Worker 144370698
181 181 4 Worker 292745996
182 182 4 Worker 569923228
183 183 4 Worker 930498811
184 184 4 Worker 514057941
185 185 4 Worker 493006515
186 186 4 Worker 534367558
187 187 4 Worker 776336423
188 188 4 Worker 37272070
189 189 4 Worker 374887690
190 190 4 Worker 166974189
191 191 4 Worker 86360087
192 192 4 Worker 698008900
193 193 4 Worker 824431471
194 194 4 Worker 218896210
195 195 4 Worker 105655767
196 196 4 Worker 531907688
197 197 4 Worker 913045123
198 198 4 Worker 66275214
199 199 4 Worker 926881270
200 200 4 Worker 679739332
201 201 4 Worker 479578562
202 202 4 Worker 69907869
203 203 4 Worker 388114561
204 204 4 Worker 512806750
205 205 4 Worker 214029119
206 206 4 Worker 325039961
207 207 4 Worker 531389855
208 208 4 Worker 360500161
209 209 4 Worker 906056140
210 210 4 Worker 79294615
211 211 4 Worker 864086212
212 212 4 Worker 734507487
213 213 4 Worker 448809603
214 214 4 Worker 436409867
215 215 4 Worker 699498368
216 216 4 Worker 628620312
217 217 4 Worker 129301073
218 218 4 Worker 83205705
219 219 4 Worker 222424568
220 220 4 Worker 480855053
221 221 4 Worker 986089571
222 222 4 Worker 186112627
223 223 4 Worker 812456493
224 224 4 Worker 505207306
225 225 4 Worker 647913501
226 226 4 Worker 791443619
227 227 4 Worker 911341859
228 228 4 Worker 557987449
229 229 4 Worker 728636374
230 230 4 Worker 836737965
231 231 4 Worker 251473809
232 232 4 Worker 373863244
233 233 4 Worker 547485106
234 234 4 Worker 12308110
235 235 4 Worker 260155319
236 236 4 Worker 755803352
237 237 4 Worker 784648728
238 238 4 Worker 363583811
239 239 4 Worker 395441139
240 240 4 Worker 490180207
241 241 4 Worker 652716099
242 242 4 Worker 312279582
243 243 4 Worker 981792593
244 244 4 Worker 350699453
245 245 4 Worker 370784974
246 246 4 Worker 620477015
247 247 4 Worker 817840481
248 248 4 Worker 258882215
249 249 4 Worker 347419629
250 250 4 Worker 656399992
251 251 4 Worker 419260751
252 252 4 Worker 368817792
253 253 4 Worker 741301474
254 254 4 Worker 291832170
255 255 4 Worker 742915024
