0 0 -1 Splicer 557301522
1 1 0 Worker 720941785
2 2 -1 PersistentDB 492351134
3 3 -1 InMemoryDB 449416440
4 4 -1 WorkManager 441658546
5 5 4 Worker 696081268
6 6 4 Worker 925953919
7 7 4 Worker 74717170
8 8 4 Worker 822462292
9 9 4 Worker 965044836
10 10 4 Worker 71316666
11 11 4 Worker 117309236
12 12 4 Worker 950281081
13 13 4 Worker 150340837
14 14 4 Worker 613196742
15 15 4 Worker 167724490
16 16 4 Worker 731988185
17 17 4 Worker 826329070
18 18 4 Worker 471698737
19 19 4 Worker 819977963
20 20 4 Worker 537543719
21 21 4 Worker 662423874
22 22 4 Worker 111412648
23 23 4 Worker 538964308
24 24 4 Worker 231533883
25 25 4 Worker 401470266
26 26 4 Worker 688629230
27 27 4 Worker 104801833
28 28 4 Worker 778681405
29 29 4 Worker 760686682
30 30 4 Worker 734886082
31 31 4 Worker 997482164
32 32 4 Worker 244527125
33 33 4 Worker 75485966
34 34 4 Worker 13669368
35 35 4 Worker 590960557
36 36 4 Worker 95637968
37 37 4 Worker 122853627
38 38 4 Worker 698800422
39 39 4 Worker 189030860
40 40 4 Worker 101718365
41 41 4 Worker 795207241
42 42 4 Worker 745663559
43 43 4 Worker 332460439
44 44 4 Worker 207053663
45 45 4 Worker 128123092
46 46 4 Worker 640424827
47 47 4 Worker 969951156
48 48 4 Worker 324161691
49 49 4 Worker 936760449
50 50 4 Worker 130454464
51 51 4 Worker 685464465
52 52 4 Worker 529420069
53 53 4 Worker 816186852
54 54 4 Worker 628649667
55 55 4 Worker 789337623
56 56 4 Worker 846428574
57 57 4 Worker 194976926
58 58 4 Worker 955984574
59 59 4 Worker 310185646
60 60 4 Worker 465646454
61 61 4 Worker 68343104
62 62 4 Worker 965328744
63 63 4 Worker 132673613
64 64 4 Worker 621655122
65 65 4 Worker 338896834
66 66 4 Worker 524258346
67 67 4 Worker 961234004
68 68 4 Worker 99625694
69 69 4 Worker 186840287
70 70 4 Worker 983142288
71 71 4 Worker 220217014
72 72 4 Worker 692007177
73 73 4 Worker 926943988
74 74 4 Worker 712527495
75 75 4 Worker 969562816
76 76 4 Worker 513854068
77 77 4 Worker 879218575
78 78 4 Worker 37363697
79 79 4 Worker 238637182
80 80 4 Worker 953962810
81 81 4 Worker 652950387
82 82 4 Worker 388283886
83 83 4 Worker 591721544
84 84 4 Worker 690112807
85 85 4 Worker 226483017
86 86 4 Worker 665521345
87 87 4 Worker 348016591
88 88 4 Worker 788025044
89 89 4 Worker 296461741
90 90 4 Worker 860430044
91 91 4 Worker 23150256
92 92 4 Worker 497238929
93 93 4 Worker 84603647
94 94 4 Worker 592047492
95 95 4 Worker 810784470
96 96 4 Worker 719439318
97 97 4 Worker 680757505
98 98 4 Worker 766663924
99 99 4 Worker 997144703
100 100 4 Worker 567599091
101 101 4 Worker 423172173
102 102 4 Worker 637350333
103 103 4 Worker 17596113
104 104 4 Worker 914430240
105 105 4 Worker 975119217
106 106 4 Worker 78156159
107 107 4 Worker 526896963
108 108 4 Worker 241209779
109 109 4 Worker 328466905
110 110 4 Worker 559280336
111 111 4 Worker 984033946
112 112 4 Worker 223073533
113 113 4 Worker 366326294
114 114 4 Worker 101400797
115 115 4 Worker 950584903
116 116 4 Worker 242648963
117 117 4 Worker 5752521
118 118 4 Worker 73762094
119 119 4 Worker 176696405
120 120 4 Worker 289588037
121 121 4 Worker 178828903
122 122 4 Worker 47233220
123 123 4 Worker 253773068
124 124 4 Worker 187082183
125 125 4 Worker 2281599
126 126 4 Worker 485583038
127 127 4 Worker 168245216
128 128 4 Worker 209121035
129 129 4 Worker 608605964
130 130 4 Worker 708241938
131 131 4 Worker 765625978
132 132 4 Worker 572812718
133 133 4 Worker 480574561
134 134 4 Worker 629761491
135 135 4 Worker 421454657
136 136 4 Worker 760519340
137 137 4 Worker 950205315
138 138 4 Worker 93913177
139 139 4 Worker 269522737
140 140 4 Worker 233547919
141 141 4 Worker 490865428
142 142 4 Worker 354839764
143 143 4 Worker 144880574
144 144 4 Worker 720489689
145 145 4 Worker 243241519
146 146 4 Worker 16435517
147 147 4 Worker 668779650
148 148 4 Worker 961406486
149 149 4 Worker 572288483
150 150 4 Worker 215071436
151 151 4 Worker 274987163
152 152 4 Worker 344728607
153 153 4 Worker 423837956
154 154 4 Worker 266312520
155 155 4 Worker 146685443
156 156 4 Worker 464262474
157 157 4 Worker 581431254
158 158 4 Worker 306821786
159 159 4 Worker 832653657
160 160 4 Worker 778931248
161 161 4 Worker 964080092
162 162 4 Worker 240638774
163 163 4 Worker 773578430
164 164 4 Worker 850792710
165 165 4 Worker 109221602
166 166 4 Worker 559962083
167 167 4 Worker 453082048
168 168 4 Worker 405200667
169 169 4 Worker 61333401
170 170 4 Worker 706439928
171 171 4 Worker 454371341
172 172 4 Worker 929037629
173 173 4 Worker 625527208
174 174 4 Worker 991942771
175 175 4 Worker 444898431
176 176 4 Worker 819905419
177 177 4 Worker 141074788
178 178 4 Worker 30707667
179 179 4 Worker 882323017
180 180 4 Worker 165406570
181 181 4 Worker 374671104
182 182 4 Worker 733761368
183 183 4 Worker 961226368
184 184 4 Worker 456791251
185 185 4 Worker 332062492
186 186 4 Worker 222154748
187 187 4 Worker 735178712
188 188 4 Worker 526793427
189 189 4 Worker 154441101
190 190 4 Worker 495585650
191 191 4 Worker 195640850
192 192 4 Worker 561754539
193 193 4 Worker 441686700
194 194 4 Worker 311980303
195 195 4 Worker 544064253
196 196 4 Worker 663307081
197 197 4 Worker 161120326
198 198 4 Worker 330802768
199 199 4 Worker 131991353
200 200 4 Worker 283004200
201 201 4 Worker 651550078
202 202 4 Worker 631206315
203 203 4 Worker 351828076
204 204 4 Worker 30133776
205 205 4 Worker 659109800
206 206 4 Worker 485225020
207 207 4 Worker 318699854
208 208 4 Worker 31517562
209 209 4 Worker 554409849
210 210 4 Worker 697196843
211 211 4 Worker 315357533
212 212 4 Worker 802188772
213 213 4 Worker 486320658
214 214 4 Worker 842850991
215 215 4 Worker 734472514
216 216 4 Worker 740358621
217 217 4 Worker 299868721
218 218 4 Worker 876779330
219 219 4 Worker 710934304
220 220 4 Worker 400671294
221 221 4 Worker 709790697
222 222 4 Worker 724115419
223 223 4 Worker 904020256
224 224 4 Worker 81137366
225 225 4 Worker 140115785
226 226 4 Worker 326424525
227 227 4 Worker 785493122
228 228 4 Worker 780114016
229 229 4 Worker 605678978
230 230 4 Worker 410073030
231 231 4 Worker 271671854
232 232 4 Worker 807338799
233 233 4 Worker 49344705
234 234 4 Worker 516523493
235 235 4 Worker 547575694
236 236 4 Worker 437028349
237 237 4 Worker 553592736
238 238 4 Worker 860575481
239 239 4 Worker 612132191
240 240 4 Worker 925692554
241 241 4 Worker 487219613
242 242 4 Worker 941973180
243 243 4 Worker 154279066
244 244 4 Worker 269377390
245 245 4 Worker 75494550
246 246 4 Worker 995917643
247 247 4 Worker 155561248
248 248 4 Worker 498140707
249 249 4 Worker 681105076
250 250 4 Worker 381052393
251 251 4 Worker 276512618
252 252 4 Worker 825586903
253 253 4 Worker 698076092
254 254 4 Worker 847585769
255 255 4 Worker 649934418
