0 0 -1 Splicer 969774963
1 1 0 Worker 342978764
2 2 -1 PersistentDB 509800830
3 3 -1 InMemoryDB 901797630
4 4 -1 WorkManager 769219270
5 5 4 Worker 365503323
6 6 4 Worker 860395703
7 7 4 Worker 538951752
8 8 4 Worker 438177291
9 9 4 Worker 853393726
10 10 4 Worker 798825725
11 11 4 Worker 278782904
12 12 4 Worker 830713847
13 13 4 Worker 964612966
14 14 4 Worker 425110960
15 15 4 Worker 613992117
16 16 4 Worker 70319241
17 17 4 Worker 406733511
18 18 4 Worker 623666748
19 19 4 Worker 800678828
20 20 4 Worker 408614484
21 21 4 Worker 938882154
22 22 4 Worker 457597425
23 23 4 Worker 120333919
24 24 4 Worker 16984779
25 25 4 Worker 644129558
26 26 4 Worker 945580153
27 27 4 Worker 957173778
28 28 4 Worker 17788992
29 29 4 Worker 38875816
30 30 4 Worker 243098824
31 31 4 Worker 688764842
32 32 4 Worker 300307622
33 33 4 Worker 713452880
34 34 4 Worker 244621966
35 35 4 Worker 976866133
36 36 4 Worker 969937277
37 37 4 Worker 338308443
38 38 4 Worker 967478738
39 39 4 Worker 583234156
40 40 4 Worker 809593306
41 41 4 Worker 684459827
42 42 4 Worker 93424051
43 43 4 Worker 482550343
44 44 4 Worker 948234607
45 45 4 Worker 585998973
46 46 4 Worker 507628788
47 47 4 Worker 910170125
48 48 4 Worker 504304847
49 49 4 Worker 775858062
50 50 4 Worker 447103504
51 51 4 Worker 278828298
52 52 4 Worker 158933587
53 53 4 Worker 516180026
54 54 4 Worker 465614311
55 55 4 Worker 365856692
56 56 4 Worker 310602538
57 57 4 Worker 703224066
58 58 4 Worker 854725517
59 59 4 Worker 814941594
60 60 4 Worker 965039635
61 61 4 Worker 701828066
62 62 4 Worker 367575936
63 63 4 Worker 225049857
64 64 4 Worker 159315992
65 65 4 Worker 951155010
66 66 4 Worker 60065462
67 67 4 Worker 554123900
68 68 4 Worker 279840970
69 69 4 Worker 163467897
70 70 4 Worker 269155153
71 71 4 Worker 248634665
72 72 4 Worker 824480096
73 73 4 Worker 988912813
74 74 4 Worker 59133192
75 75 4 Worker 11871553
76 76 4 Worker 620466382
77 77 4 Worker 370237093
78 78 4 Worker 640054265
79 79 4 Worker 282327666
80 80 4 Worker 70665316
81 81 4 Worker 626319130
82 82 4 Worker 39376709
83 83 4 Worker 317988320
84 84 4 Worker 683407018
85 85 4 Worker 225828503
86 86 4 Worker 245557930
87 87 4 Worker 395745395
88 88 4 Worker 219009793
89 89 4 Worker 189009170
90 90 4 Worker 857761815
91 91 4 Worker 381792903
92 92 4 Worker 144450791
93 93 4 Worker 315571495
94 94 4 Worker 407680768
95 95 4 Worker 721303983
96 96 4 Worker 740355026
97 97 4 Worker 376717081
98 98 4 Worker 852504749
99 99 4 Worker 968686742
100 100 4 Worker 837789494
101 101 4 Worker 669870049
102 102 4 Worker 674415615
103 103 4 Worker 492833918
104 104 4 Worker 637940201
105 105 4 Worker 602583049
106 106 4 Worker 52855515
107 107 4 Worker 11554062
108 108 4 Worker 30986024
109 109 4 Worker 660517786
110 110 4 Worker 171591004
111 111 4 Worker 76256813
112 112 4 Worker 367239156
113 113 4 Worker 741334816
114 114 4 Worker 648579230
115 115 4 Worker 265547148
116 116 4 Worker 344674708
117 117 4 Worker 334725731
118 118 4 Worker 162298969
119 119 4 Worker 146416908
120 120 4 Worker 629715177
121 121 4 Worker 223336871
122 122 4 Worker 708509573
123 123 4 Worker 832265897
124 124 4 Worker 384143095
125 125 4 Worker 492520568
126 126 4 Worker 131810585
127 127 4 Worker 389754459
128 128 4 Worker 621052541
129 129 4 Worker 225084774
130 130 4 Worker 606917125
131 131 4 Worker 987776640
132 132 4 Worker 967830368
133 133 4 Worker 414759284
134 134 4 Worker 392586635
135 135 4 Worker 35132538
136 136 4 Worker 590631052
137 137 4 Worker 185332190
138 138 4 Worker 11705466
139 139 4 Worker 145168450
140 140 4 Worker 329677086
141 141 4 Worker 991573414
142 142 4 Worker 914313784
143 143 4 Worker 869976173
144 144 4 Worker 309241648
145 145 4 Worker 427212458
146 146 4 Worker 693015280
147 147 4 Worker 72085869
148 148 4 Worker 254411046
149 149 4 Worker 394489309
150 150 4 Worker 942799520
151 151 4 Worker 693648718
152 152 4 Worker 474885421
153 153 4 Worker 225282696
154 154 4 Worker 364986228
155 155 4 Worker 804013140
156 156 4 Worker 162354740
157 157 4 Worker 226363886
158 158 4 Worker 44763713
159 159 4 Worker 8781133
160 160 4 Worker 45593084
161 161 4 Worker 140383834
162 162 4 Worker 805671718
163 163 4 Worker 386175045
164 164 4 Worker 589409376
165 165 4 Worker 129741356
166 166 4 Worker 266035148
167 167 4 Worker 814398616
168 168 4 Worker 676290102
169 169 4 Worker 995932362
170 170 4 Worker 768703326
171 171 4 Worker 76873031
172 172 4 Worker 384575556
173 173 4 Worker 578656373
174 174 4 Worker 14330054
175 175 4 Worker 200214976
176 176 4 Worker 377062484
177 177 4 Worker 385435575
178 178 4 Worker 901518670
179 179 4 Worker 403749117
180 180 4 Worker 116380947
181 181 4 Worker 911544378
182 182 4 Worker 119741473
183 183 4 Worker 622238818
184 184 4 Worker 368897858
185 185 4 Worker 850802783
186 186 4 Worker 320159461
187 187 4 Worker 456368457
188 188 4 Worker 592737908
189 189 4 Worker 202115538
190 190 4 Worker 489364887
191 191 4 Worker 797112051
192 192 4 Worker 462712358
193 193 4 Worker 6125480
194 194 4 Worker 338754521
195 195 4 Worker 229567687
196 196 4 Worker 860273900
197 197 4 Worker 99878013
198 198 4 Worker 870546689
199 199 4 Worker 317189056
200 200 4 Worker 307748391
201 201 4 Worker 208239865
202 202 4 Worker 590878250
203 203 4 Worker 233091781
204 204 4 Worker 877627324
205 205 4 Worker 106601793
206 206 4 Worker 683342683
207 207 4 Worker 981527933
208 208 4 Worker 465434640
209 209 4 Worker 255105167
210 210 4 Worker 359091267
211 211 4 Worker 966841817
212 212 4 Worker 677659516
213 213 4 Worker 767503250
214 214 4 Worker 473505882
215 215 4 Worker 520796419
216 216 4 Worker 258410089
217 217 4 Worker 128804394
218 218 4 Worker 135128024
219 219 4 Worker 257220078
220 220 4 Worker 463665049
221 221 4 Worker 933474505
222 222 4 Worker 206000167
223 223 4 Worker 99638793
224 224 4 Worker 728345848
225 225 4 Worker 896118467
226 226 4 Worker 55678294
227 227 4 Worker 684267783
228 228 4 Worker 741999932
229 229 4 Worker 989143557
230 230 4 Worker 233899448
231 231 4 Worker 650564225
232 232 4 Worker 578738211
233 233 4 Worker 851356120
234 234 4 Worker 174888009
235 235 4 Worker 83011871
236 236 4 Worker 766831358
237 237 4 Worker 35179820
238 238 4 Worker 789733684
239 239 4 Worker 539697032
240 240 4 Worker 438705416
241 241 4 Worker 197167799
242 242 4 Worker 573716587
243 243 4 Worker 538478447
244 244 4 Worker 619214357
245 245 4 Worker 318037460
246 246 4 Worker 281468341
247 247 4 Worker 763924424
248 248 4 Worker 741504814
249 249 4 Worker 659631643
250 250 4 Worker 987109900
251 251 4 Worker 254288299
252 252 4 Worker 877172106
253 253 4 Worker 774336190
254 254 4 Worker 428687784
255 255 4 Worker 512980134
