0 0 -1 Splicer 794667691
1 1 0 Worker 988502765
2 2 -1 PersistentDB 150146158
3 3 -1 InMemoryDB 694786714
4 4 -1 WorkManager 357214642
5 5 4 Worker 124106645
6 6 4 Worker 149718688
7 7 4 Worker 195242322
8 8 4 Worker 503182931
9 9 4 Worker 489446863
10 10 4 Worker 965510263
11 11 4 Worker 641484609
12 12 4 Worker 365412564
13 13 4 Worker 265007000
14 14 4 Worker 280192961
15 15 4 Worker 347336026
16 16 4 Worker 537633042
17 17 4 Worker 996868550
18 18 4 Worker 669455289
19 19 4 Worker 230815820
20 20 4 Worker 154616624
21 21 4 Worker 711537759
22 22 4 Worker 129413013
23 23 4 Worker 767747180
24 24 4 Worker 668788190
25 25 4 Worker 882981147
26 26 4 Worker 263455805
27 27 4 Worker 564836637
28 28 4 Worker 416853986
29 29 4 Worker 960983446
30 30 4 Worker 678856767
31 31 4 Worker 644933234
32 32 4 Worker 969633393
33 33 4 Worker 310067591
34 34 4 Worker 652636348
35 35 4 Worker 445272799
36 36 4 Worker 111278042
37 37 4 Worker 189038631
38 38 4 Worker 670167475
39 39 4 Worker 450291827
40 40 4 Worker 827009286
41 41 4 Worker 283603790
42 42 4 Worker 721525394
43 43 4 Worker 660358105
44 44 4 Worker 760196482
45 45 4 Worker 931954469
46 46 4 Worker 613001123
47 47 4 Worker 19504380
48 48 4 Worker 86154632
49 49 4 Worker 295562968
50 50 4 Worker 349749041
51 51 4 Worker 968367011
52 52 4 Worker 252926656
53 53 4 Worker 224964739
54 54 4 Worker 670777075
55 55 4 Worker 197944685
56 56 4 Worker 220765812
57 57 4 Worker 269165465
58 58 4 Worker 231839237
59 59 4 Worker 776540353
60 60 4 Worker 494113913
61 61 4 Worker 940710457
62 62 4 Worker 807975530
63 63 4 Worker 895645609
64 64 4 Worker 987172791
65 65 4 Worker 14569497
66 66 4 Worker 362176398
67 67 4 Worker 313128022
68 68 4 Worker 169243946
69 69 4 Worker 858795002
70 70 4 Worker 797247693
71 71 4 Worker 591717386
72 72 4 Worker 679226209
73 73 4 Worker 462957977
74 74 4 Worker 730017778
75 75 4 Worker 365634969
76 76 4 Worker 479260298
77 77 4 Worker 631917109
78 78 4 Worker 485078045
79 79 4 Worker 96914236
80 80 4 Worker 996692339
81 81 4 Worker 349821798
82 82 4 Worker 961427767
83 83 4 Worker 673979137
84 84 4 Worker 134712250
85 85 4 Worker 638247822
86 86 4 Worker 594011667
87 87 4 Worker 556717952
88 88 4 Worker 745864036
89 89 4 Worker 894273404
90 90 4 Worker 339758839
91 91 4 Worker 385568137
92 92 4 Worker 177843434
93 93 4 Worker 642625314
94 94 4 Worker 514358335
95 95 4 Worker 103499602
96 96 4 Worker 359861537
97 97 4 Worker 229669227
98 98 4 Worker 118457515
99 99 4 Worker 969450917
100 100 4 Worker 372173502
101 101 4 Worker 998503650
102 102 4 Worker 782810319
103 103 4 Worker 259982440
104 104 4 Worker 229996086
105 105 4 Worker 849678309
106 106 4 Worker 488626428
107 107 4 Worker 341713654
108 108 4 Worker 86432824
109 109 4 Worker 790276972
110 110 4 Worker 901110626
111 111 4 Worker 760415391
112 112 4 Worker 82337275
113 113 4 Worker 891916852
114 114 4 Worker 560656443
115 115 4 Worker 149351332
116 116 4 Worker 247442492
117 117 4 Worker 109075218
118 118 4 Worker 240076070
119 119 4 Worker 356716630
120 120 4 Worker 817931258
121 121 4 Worker 299192146
122 122 4 Worker 6826873
123 123 4 Worker 207333899
124 124 4 Worker 764640471
125 125 4 Worker 707094417
126 126 4 Worker 929966418
127 127 4 Worker 372887180
128 128 4 Worker 562185332
129 129 4 Worker 384735607
130 130 4 Worker 194139907
131 131 4 Worker 286139601
132 132 4 Worker 461666267
133 133 4 Worker 665143142
134 134 4 Worker 205171159
135 135 4 Worker 536980592
136 136 4 Worker 612192322
137 137 4 Worker 603925516
138 138 4 Worker 440555555
139 139 4 Worker 623784553
140 140 4 Worker 139537300
141 141 4 Worker 758391527
142 142 4 Worker 540881875
143 143 4 Worker 395153135
144 144 4 Worker 93784103
145 145 4 Worker 568273776
146 146 4 Worker 705442003
147 147 4 Worker 152087836
148 148 4 Worker 829257416
149 149 4 Worker 460935262
150 150 4 Worker 7470220
151 151 4 Worker 84166990
152 152 4 Worker 897003308
153 153 4 Worker 853861245
154 154 4 Worker 828974845
155 155 4 Worker 824417954
156 156 4 Worker 73014240
157 157 4 Worker 957318089
158 158 4 Worker 572580449
159 159 4 Worker 800728201
160 160 4 Worker 957325665
161 161 4 Worker 221406652
162 162 4 Worker 522960342
163 163 4 Worker 457628845
164 164 4 Worker 636984793
165 165 4 Worker 815191912
166 166 4 Worker 487808276
167 167 4 Worker 754300145
168 168 4 Worker 209332641
169 169 4 Worker 979151524
170 170 4 Worker 737254172
171 171 4 Worker 771500610
172 172 4 Worker 407018968
173 173 4 Worker 446463330
174 174 4 Worker 974026951
175 175 4 Worker 586682156
176 176 4 Worker 745443306
177 177 4 Worker 25543331
178 178 4 Worker 117668660
179 179 4 Worker 720000432
180 180 4 Worker 319815701
181 181 4 Worker 66015087
182 182 4 Worker 293779800
183 183 4 Worker 249832616
184 184 4 Worker 61932665
185 185 4 Worker 88171276
186 186 4 Worker 716982811
187 187 4 Worker 32285610
188 188 4 Worker 67725440
189 189 4 Worker 449968628
190 190 4 Worker 439769247
191 191 4 Worker 664389053
192 192 4 Worker 176072997
193 193 4 Worker 633709483
194 194 4 Worker 98606594
195 195 4 Worker 808109231
196 196 4 Worker 980077901
197 197 4 Worker 546128214
198 198 4 Worker 498215476
199 199 4 Worker 717903589
200 200 4 Worker 751252746
201 201 4 Worker 548141922
202 202 4 Worker 585246525
203 203 4 Worker 845352761
204 204 4 Worker 603730883
205 205 4 Worker 691411145
206 206 4 Worker 156861411
207 207 4 Worker 23201031
208 208 4 Worker 262978472
209 209 4 Worker 357617643
210 210 4 Worker 238717679
211 211 4 Worker 371013178
212 212 4 Worker 747396064
213 213 4 Worker 30680510
214 214 4 Worker 69845471
215 215 4 Worker 217060465
216 216 4 Worker 771407740
217 217 4 Worker 581093194
218 218 4 Worker 340727065
219 219 4 Worker 293741352
220 220 4 Worker 382125841
221 221 4 Worker 925821640
222 222 4 Worker 501408777
223 223 4 Worker 719014477
224 224 4 Worker 177629991
225 225 4 Worker 676867362
226 226 4 Worker 866877859
227 227 4 Worker 882150350
228 228 4 Worker 240925925
229 229 4 Worker 432230996
230 230 4 Worker 5020864
231 231 4 Worker 85318773
232 232 4 Worker 964223862
233 233 4 Worker 784413328
234 234 4 Worker 84885463
235 235 4 Worker 477778009
236 236 4 Worker 923615812
237 237 4 Worker 543126219
238 238 4 Worker 393900219
239 239 4 Worker 93571762
240 240 4 Worker 445383822
241 241 4 Worker 247715950
242 242 4 Worker 868264253
243 243 4 Worker 203713553
244 244 4 Worker 272451852
245 245 4 Worker 430553274
246 246 4 Worker 572428715
247 247 4 Worker 672632956
248 248 4 Worker 97801983
249 249 4 Worker 219844793
250 250 4 Worker 204197065
251 251 4 Worker 937291939
252 252 4 Worker 318523505
253 253 4 Worker 741814294
254 254 4 Worker 617156185
255 255 4 Worker 372157877
