0 0 -1 Splicer 180662199
1 1 0 Worker 354811241
2 2 -1 PersistentDB 690031411
3 3 -1 InMemoryDB 884866127
4 4 -1 WorkManager 120980497
5 5 4 Worker 842053398
6 6 4 Worker 517835576
7 7 4 Worker 631855606
8 8 4 Worker 719083467
9 9 4 Worker 979708907
10 10 4 Worker 345242664
11 11 4 Worker 290493104
12 12 4 Worker 667709881
13 13 4 Worker 548801845
14 14 4 Worker 523785975
15 15 4 Worker 320346116
16 16 4 Worker 227212012
17 17 4 Worker 76550084
18 18 4 Worker 124640672
19 19 4 Worker 176474839
20 20 4 Worker 368484907
21 21 4 Worker 710855353
22 22 4 Worker 913408777
23 23 4 Worker 711487269
24 24 4 Worker 607585221
25 25 4 Worker 684997023
26 26 4 Worker 635578543
27 27 4 Worker 135356477
28 28 4 Worker 678890725
29 29 4 Worker 389993365
30 30 4 Worker 727748904
31 31 4 Worker 354699958
32 32 4 Worker 568352758
33 33 4 Worker 957079560
34 34 4 Worker 162461187
35 35 4 Worker 133624424
36 36 4 Worker 575125326
37 37 4 Worker 887488271
38 38 4 Worker 551383338
39 39 4 Worker 19180949
40 40 4 Worker 120925629
41 41 4 Worker 388781076
42 42 4 Worker 33423368
43 43 4 Worker 597040740
44 44 4 Worker 541648824
45 45 4 Worker 863427725
46 46 4 Worker 952306292
47 47 4 Worker 792740964
48 48 4 Worker 311825973
49 49 4 Worker 308504126
50 50 4 Worker 917267913
51 51 4 Worker 664378869
52 52 4 Worker 697731591
53 53 4 Worker 102582886
54 54 4 Worker 266767507
55 55 4 Worker 900680308
56 56 4 Worker 751227596
57 57 4 Worker 698085120
58 58 4 Worker 552525837
59 59 4 Worker 828849688
60 60 4 Worker 855162883
61 61 4 Worker 150342133
62 62 4 Worker 42990345
63 63 4 Worker 457299965
64 64 4 Worker 449005240
65 65 4 Worker 523687128
66 66 4 Worker 180178406
67 67 4 Worker 246588877
68 68 4 Worker 240128030
69 69 4 Worker 982238797
70 70 4 Worker 616197815
71 71 4 Worker 781680273
72 72 4 Worker 260714152
73 73 4 Worker 208641443
74 74 4 Worker 658642870
75 75 4 Worker 576179491
76 76 4 Worker 764980590
77 77 4 Worker 626251316
78 78 4 Worker 227342833
79 79 4 Worker 21014004
80 80 4 Worker 273583708
81 81 4 Worker 508579073
82 82 4 Worker 339870177
83 83 4 Worker 867160537
84 84 4 Worker 847558262
85 85 4 Worker 342972178
86 86 4 Worker 481616447
87 87 4 Worker 869896571
88 88 4 Worker 100907515
89 89 4 Worker 982669795
90 90 4 Worker 686670212
91 91 4 Worker 953134704
92 92 4 Worker 319744697
93 93 4 Worker 116039284
94 94 4 Worker 905984424
95 95 4 Worker 687855226
96 96 4 Worker 865225721
97 97 4 Worker 965684920
98 98 4 Worker 191525839
99 99 4 Worker 113674742
100 100 4 Worker 306048641
101 101 4 Worker 358926621
102 102 4 Worker 654694411
103 103 4 Worker 308242870
104 104 4 Worker 493547117
105 105 4 Worker 861807090
106 106 4 Worker 903147963
107 107 4 Worker 102399124
108 108 4 Worker 686135873
109 109 4 Worker 538167356
110 110 4 Worker 744708188
111 111 4 Worker 244103492
112 112 4 Worker 210654916
113 113 4 Worker 271776435
114 114 4 Worker 757755730
115 115 4 Worker 721241063
116 116 4 Worker 31707642
117 117 4 Worker 379184458
118 118 4 Worker 957379846
119 119 4 Worker 45615364
120 120 4 Worker 436542382
121 121 4 Worker 796192939
122 122 4 Worker 96701802
123 123 4 Worker 430415970
124 124 4 Worker 991163080
125 125 4 Worker 446035877
126 126 4 Worker 648544495
127 127 4 Worker 663013395
128 128 4 Worker 33744098
129 129 4 Worker 365451304
130 130 4 Worker 511206368
131 131 4 Worker 289277387
132 132 4 Worker 333710922
133 133 4 Worker 166934670
134 134 4 Worker 797574294
135 135 4 Worker 297089004
136 136 4 Worker 120170921
137 137 4 Worker 792763410
138 138 4 Worker 383676788
139 139 4 Worker 524083013
140 140 4 Worker 257382691
141 141 4 Worker 954064068
142 142 4 Worker 233846126
143 143 4 Worker 206755571
144 144 4 Worker 715633888
145 145 4 Worker 869812331
146 146 4 Worker 834545237
147 147 4 Worker 364121796
148 148 4 Worker 69896950
149 149 4 Worker 266911776
150 150 4 Worker 487513545
151 151 4 Worker 287689964
152 152 4 Worker 111358202
153 153 4 Worker 67587469
154 154 4 Worker 637899717
155 155 4 Worker 772626137
156 156 4 Worker 45069546
157 157 4 Worker 258984334
158 158 4 Worker 616760577
159 159 4 Worker 685416893
160 160 4 Worker 303231011
161 161 4 Worker 483263104
162 162 4 Worker 620611789
163 163 4 Worker 281887726
164 164 4 Worker 937685914
165 165 4 Worker 703285637
166 166 4 Worker 895981471
167 167 4 Worker 353302698
168 168 4 Worker 740697817
169 169 4 Worker 349904865
170 170 4 Worker 396329305
171 171 4 Worker 29693568
172 172 4 Worker 238884872
173 173 4 Worker 762277257
174 174 4 Worker 475009246
175 175 4 Worker 5860716
176 176 4 Worker 247907452
177 177 4 Worker 773811052
178 178 4 Worker 436418957
179 179 4 Worker 378618348
180 180 4 Worker 531093876
181 181 4 Worker 927541893
182 182 4 Worker 760348687
183 183 4 Worker 645609568
184 184 4 Worker 487389159
185 185 4 Worker 970419251
186 186 4 Worker 974509704
187 187 4 Worker 580574045
188 188 4 Worker 739528377
189 189 4 Worker 62954352
190 190 4 Worker 60731591
191 191 4 Worker 107791535
192 192 4 Worker 799142107
193 193 4 Worker 318202342
194 194 4 Worker 612015036
195 195 4 Worker 451580340
196 196 4 Worker 898664465
197 197 4 Worker 897642025
198 198 4 Worker 990840692
199 199 4 Worker 874810963
200 200 4 Worker 989996453
201 201 4 Worker 645725999
202 202 4 Worker 283796704
203 203 4 Worker 675646625
204 204 4 Worker 36719388
205 205 4 Worker 768204329
206 206 4 Worker 954946328
207 207 4 Worker 284997022
208 208 4 Worker 110843210
209 209 4 Worker 364711042
210 210 4 Worker 545094531
211 211 4 Worker 967790955
212 212 4 Worker 597536211
213 213 4 Worker 55827552
214 214 4 Worker 28904733
215 215 4 Worker 62294129
216 216 4 Worker 881552063
217 217 4 Worker 512309736
218 218 4 Worker 737528279
219 219 4 Worker 337642670
220 220 4 Worker 626969822
221 221 4 Worker 169445676
222 222 4 Worker 409979145
223 223 4 Worker 164456249
224 224 4 Worker 229492770
225 225 4 Worker 90846369
226 226 4 Worker 543823771
227 227 4 Worker 733304058
228 228 4 Worker 896613738
229 229 4 Worker 654725158
230 230 4 Worker 465906024
231 231 4 Worker 714786888
232 232 4 Worker 3786946
233 233 4 Worker 715719750
234 234 4 Worker 632267229
235 235 4 Worker 142298401
236 236 4 Worker 951069682
237 237 4 Worker 906020598
238 238 4 Worker 49266186
239 239 4 Worker 631197615
240 240 4 Worker 525499825
241 241 4 Worker 120851011
242 242 4 Worker 160531802
243 243 4 Worker 721280633
244 244 4 Worker 757465090
245 245 4 Worker 868212116
246 246 4 Worker 921794995
247 247 4 Worker 150140222
248 248 4 Worker 966466230
249 249 4 Worker 950314235
250 250 4 Worker 164726412
251 251 4 Worker 847377730
252 252 4 Worker 539010402
253 253 4 Worker 683479422
254 254 4 Worker 122209632
255 255 4 Worker 20308375
