0 0 -1 Splicer 550394902
1 1 0 Worker 683183041
2 2 -1 PersistentDB 441845754
3 3 -1 InMemoryDB 597080064
4 4 -1 WorkManager 635315060
5 5 4 Worker 109435984
6 6 4 Worker 833610773
7 7 4 Worker 783441218
8 8 4 Worker 945654743
9 9 4 Worker 90353233
10 10 4 Worker 316843087
11 11 4 Worker 537001246
12 12 4 Worker 128665325
13 13 4 Worker 465838631
14 14 4 Worker 593635582
15 15 4 Worker 201321768
16 16 4 Worker 400945090
17 17 4 Worker 768453898
18 18 4 Worker 573682249
19 19 4 Worker 778628413
20 20 4 Worker 93364502
21 21 4 Worker 52669152
22 22 4 Worker 19797661
23 23 4 Worker 936625216
24 24 4 Worker 162300740
25 25 4 Worker 4841011
26 26 4 Worker 787089571
27 27 4 Worker 468835632
28 28 4 Worker 803591189
29 29 4 Worker 882271867
30 30 4 Worker 274586572
31 31 4 Worker 907140582
32 32 4 Worker 558261316
33 33 4 Worker 110155657
34 34 4 Worker 70749454
35 35 4 Worker 79926721
36 36 4 Worker 122328422
37 37 4 Worker 79238869
38 38 4 Worker 355081650
39 39 4 Worker 41636772
40 40 4 Worker 662410666
41 41 4 Worker 746743770
42 42 4 Worker 590203321
43 43 4 Worker 313030593
44 44 4 Worker 63913368
45 45 4 Worker 811793392
46 46 4 Worker 351908448
47 47 4 Worker 599050221
48 48 4 Worker 383964920
49 49 4 Worker 926737716
50 50 4 Worker 51183644
51 51 4 Worker 309637540
52 52 4 Worker 263270672
53 53 4 Worker 390267103
54 54 4 Worker 292790610
55 55 4 Worker 377084457
56 56 4 Worker 117743193
57 57 4 Worker 814267665
58 58 4 Worker 563725875
59 59 4 Worker 86997489
60 60 4 Worker 190638323
61 61 4 Worker 183627713
62 62 4 Worker 979517799
63 63 4 Worker 941048550
64 64 4 Worker 33647864
65 65 4 Worker 194840939
66 66 4 Worker 58893091
67 67 4 Worker 710378317
68 68 4 Worker 776069804
69 69 4 Worker 736109888
70 70 4 Worker 786552853
71 71 4 Worker 796915462
72 72 4 Worker 713510774
73 73 4 Worker 358264705
74 74 4 Worker 592921407
75 75 4 Worker 730412099
76 76 4 Worker 819376789
77 77 4 Worker 432975365
78 78 4 Worker 273017765
79 79 4 Worker 694678899
80 80 4 Worker 738100031
81 81 4 Worker 952817343
82 82 4 Worker 603090703
83 83 4 Worker 193972272
84 84 4 Worker 667111028
85 85 4 Worker 645391199
86 86 4 Worker 491085363
87 87 4 Worker 428864330
88 88 4 Worker 185296011
89 89 4 Worker 901154618
90 90 4 Worker 647020399
91 91 4 Worker 651858296
92 92 4 Worker 232975704
93 93 4 Worker 880715413
94 94 4 Worker 466364065
95 95 4 Worker 831974961
96 96 4 Worker 664740318
97 97 4 Worker 302055490
98 98 4 Worker 81398337
99 99 4 Worker 37992751
100 100 4 Worker 872116977
101 101 4 Worker 476597485
102 102 4 Worker 359124855
103 103 4 Worker 605888020
104 104 4 Worker 862684757
105 105 4 Worker 329427889
106 106 4 Worker 858458827
107 107 4 Worker 294042442
108 108 4 Worker 678206172
109 109 4 Worker 294379064
110 110 4 Worker 678476573
111 111 4 Worker 678239912
112 112 4 Worker 842413041
113 113 4 Worker 342482175
114 114 4 Worker 302056302
115 115 4 Worker 285074147
116 116 4 Worker 371435264
117 117 4 Worker 641866379
118 118 4 Worker 325277837
119 119 4 Worker 570081014
120 120 4 Worker 978011192
121 121 4 Worker 409750111
122 122 4 Worker 500744172
123 123 4 Worker 901237629
124 124 4 Worker 452450483
125 125 4 Worker 845108518
126 126 4 Worker 207510855
127 127 4 Worker 127646022
128 128 4 Worker 545896135
129 129 4 Worker 817803305
130 130 4 Worker 563522109
131 131 4 Worker 918077273
132 132 4 Worker 277647888
133 133 4 Worker 947830469
134 134 4 Worker 384776385
135 135 4 Worker 332281497
136 136 4 Worker 252740999
137 137 4 Worker 50353335
138 138 4 Worker 760061174
139 139 4 Worker 793804380
140 140 4 Worker 560988256
141 141 4 Worker 487646548
142 142 4 Worker 66307703
143 143 4 Worker 652784091
144 144 4 Worker 545012672
145 145 4 Worker 194157730
146 146 4 Worker 339230445
147 147 4 Worker 421836681
148 148 4 Worker 877958832
149 149 4 Worker 48289858
150 150 4 Worker 837428015
151 151 4 Worker 38137185
152 152 4 Worker 856053184
153 153 4 Worker 538630480
154 154 4 Worker 976780930
155 155 4 Worker 187424169
156 156 4 Worker 884780420
157 157 4 Worker 400195916
158 158 4 Worker 799845574
159 159 4 Worker 971794400
160 160 4 Worker 757705736
161 161 4 Worker 298640391
162 162 4 Worker 105127111
163 163 4 Worker 153377888
164 164 4 Worker 327487949
165 165 4 Worker 557971497
166 166 4 Worker 988592712
167 167 4 Worker 308814631
168 168 4 Worker 625755800
169 169 4 Worker 839964923
170 170 4 Worker 771306182
171 171 4 Worker 97038778
172 172 4 Worker 406423290
173 173 4 Worker 513616326
174 174 4 Worker 927688543
175 175 4 Worker 394048275
176 176 4 Worker 374923847
177 177 4 Worker 439719139
178 178 4 Worker 862806084
179 179 4 Worker 716140768
180 180 4 Worker 966612293
181 181 4 Worker 474118770
182 182 4 Worker 821172184
183 183 4 Worker 596297626
184 184 4 Worker 968837958
185 185 4 Worker 735592223
186 186 4 Worker 758390098
187 187 4 Worker 899291755
188 188 4 Worker 208171243
189 189 4 Worker 382044854
190 190 4 Worker 720926469
191 191 4 Worker 337135891
192 192 4 Worker 500367469
193 193 4 Worker 593162097
194 194 4 Worker 724465976
195 195 4 Worker 734111722
196 196 4 Worker 486404827
197 197 4 Worker 739210263
198 198 4 Worker 874631877
199 199 4 Worker 292761609
200 200 4 Worker 851368786
201 201 4 Worker 355645814
202 202 4 Worker 420017245
203 203 4 Worker 550247787
204 204 4 Worker 113111114
205 205 4 Worker 69479663
206 206 4 Worker 986996878
207 207 4 Worker 380348787
208 208 4 Worker 414867744
209 209 4 Worker 557342749
210 210 4 Worker 610110428
211 211 4 Worker 953482128
212 212 4 Worker 684506071
213 213 4 Worker 263049190
214 214 4 Worker 254599753
215 215 4 Worker 563017753
216 216 4 Worker 433100548
217 217 4 Worker 209295251
218 218 4 Worker 713028951
219 219 4 Worker 507858999
220 220 4 Worker 211744891
221 221 4 Worker 293838206
222 222 4 Worker 315170562
223 223 4 Worker 325911231
224 224 4 Worker 799160991
225 225 4 Worker 18404924
226 226 4 Worker 542380007
227 227 4 Worker 519322087
228 228 4 Worker 331291601
229 229 4 Worker 821892513
230 230 4 Worker 650496730
231 231 4 Worker 547841843
232 232 4 Worker 957280894
233 233 4 Worker 276055298
234 234 4 Worker 129234839
235 235 4 Worker 312117947
236 236 4 Worker 984137180
237 237 4 Worker 214069642
238 238 4 Worker 325256650
239 239 4 Worker 183437003
240 240 4 Worker 263063719
241 241 4 Worker 965698972
242 242 4 Worker 46660659
243 243 4 Worker 325932648
244 244 4 Worker 468601728
245 245 4 Worker 510732348
246 246 4 Worker 749967905
247 247 4 Worker 23249994
248 248 4 Worker 384728134
249 249 4 Worker 241849754
250 250 4 Worker 119417068
251 251 4 Worker 214636272
252 252 4 Worker 1802421
253 253 4 Worker 101317089
254 254 4 Worker 135718916
255 255 4 Worker 844727317
