0 0 -1 Splicer 956790523
1 1 0 Worker 984359955
2 2 -1 PersistentDB 764889855
3 3 -1 InMemoryDB 605822561
4 4 -1 WorkManager 465408899
5 5 4 Worker 902401876
6 6 4 Worker 70946767
7 7 4 Worker 453914988
8 8 4 Worker 93351199
9 9 4 Worker 118427448
10 10 4 Worker 585036964
11 11 4 Worker 984367055
12 12 4 Worker 206575306
13 13 4 Worker 132174930
14 14 4 Worker 621666744
15 15 4 Worker 168372365
16 16 4 Worker 925484933
17 17 4 Worker 461703479
18 18 4 Worker 974129810
19 19 4 Worker 316654901
20 20 4 Worker 857830663
21 21 4 Worker 61627937
22 22 4 Worker 763573048
23 23 4 Worker 356347297
24 24 4 Worker 283551908
25 25 4 Worker 607787702
26 26 4 Worker 659544292
27 27 4 Worker 402998188
28 28 4 Worker 143885186
29 29 4 Worker 578479982
30 30 4 Worker 531935283
31 31 4 Worker 802987546
32 32 4 Worker 770413144
33 33 4 Worker 817356454
34 34 4 Worker 68763986
35 35 4 Worker 389622484
36 36 4 Worker 270290017
37 37 4 Worker 631635936
38 38 4 Worker 39363079
39 39 4 Worker 458947689
40 40 4 Worker 526552475
41 41 4 Worker 202505764
42 42 4 Worker 315759253
43 43 4 Worker 52817961
44 44 4 Worker 492551224
45 45 4 Worker 460657871
46 46 4 Worker 928871563
47 47 4 Worker 134256831
48 48 4 Worker 997288290
49 49 4 Worker 810410370
50 50 4 Worker 613386130
51 51 4 Worker 656271964
52 52 4 Worker 153772248
53 53 4 Worker 947267876
54 54 4 Worker 689506235
55 55 4 Worker 988023319
56 56 4 Worker 237212154
57 57 4 Worker 173869869
58 58 4 Worker 645171218
59 59 4 Worker 786989955
60 60 4 Worker 374688234
61 61 4 Worker 671812686
62 62 4 Worker 648192145
63 63 4 Worker 386190310
64 64 4 Worker 347961847
65 65 4 Worker 221416612
66 66 4 Worker 845791464
67 67 4 Worker 173276117
68 68 4 Worker 420698686
69 69 4 Worker 383991128
70 70 4 Worker 247149690
71 71 4 Worker 576697667
72 72 4 Worker 394658435
73 73 4 Worker 999243454
74 74 4 Worker 292250950
75 75 4 Worker 705871303
76 76 4 Worker 659385425
77 77 4 Worker 346882783
78 78 4 Worker 636692632
79 79 4 Worker 72560946
80 80 4 Worker 955684011
81 81 4 Worker 543623229
82 82 4 Worker 824523483
83 83 4 Worker 244248231
84 84 4 Worker 845370638
85 85 4 Worker 151023843
86 86 4 Worker 565783047
87 87 4 Worker 353362464
88 88 4 Worker 952861703
89 89 4 Worker 808932609
90 90 4 Worker 432626233
91 91 4 Worker 884846556
92 92 4 Worker 877724112
93 93 4 Worker 399321078
94 94 4 Worker 519321618
95 95 4 Worker 769814267
96 96 4 Worker 714990243
97 97 4 Worker 126445128
98 98 4 Worker 74757960
99 99 4 Worker 630348795
100 100 4 Worker 55176853
101 101 4 Worker 923788917
102 102 4 Worker 733271868
103 103 4 Worker 707921704
104 104 4 Worker 222697851
105 105 4 Worker 371265833
106 106 4 Worker 908814652
107 107 4 Worker 294891830
108 108 4 Worker 474591329
109 109 4 Worker 876587559
110 110 4 Worker 399555257
111 111 4 Worker 445355731
112 112 4 Worker 858220420
113 113 4 Worker 347013018
114 114 4 Worker 331686036
115 115 4 Worker 70761748
116 116 4 Worker 496295250
117 117 4 Worker 51945232
118 118 4 Worker 259334154
119 119 4 Worker 610081082
120 120 4 Worker 926596624
121 121 4 Worker 865646598
122 122 4 Worker 54607872
123 123 4 Worker 946827077
124 124 4 Worker 804136848
125 125 4 Worker 431846841
126 126 4 Worker 364507605
127 127 4 Worker 44501352
128 128 4 Worker 404999205
129 129 4 Worker 29265027
130 130 4 Worker 554393044
131 131 4 Worker 900896266
132 132 4 Worker 796010271
133 133 4 Worker 808047256
134 134 4 Worker 561510731
135 135 4 Worker 666035361
136 136 4 Worker 236173768
137 137 4 Worker 336906174
138 138 4 Worker 479228430
139 139 4 Worker 201678963
140 140 4 Worker 653450863
141 141 4 Worker 523811551
142 142 4 Worker 830407734
143 143 4 Worker 326358188
144 144 4 Worker 787067398
145 145 4 Worker 410883831
146 146 4 Worker 627619145
147 147 4 Worker 945598249
148 148 4 Worker 823524177
149 149 4 Worker 425043684
150 150 4 Worker 134815668
151 151 4 Worker 17718405
152 152 4 Worker 28276161
153 153 4 Worker 274145
154 154 4 Worker 33423842
155 155 4 Worker 602494521
156 156 4 Worker 357912986
157 157 4 Worker 946477505
158 158 4 Worker 451256073
159 159 4 Worker 238240598
160 160 4 Worker 410656934
161 161 4 Worker 875894852
162 162 4 Worker 71125360
163 163 4 Worker 633541997
164 164 4 Worker 335130109
165 165 4 Worker 681249080
166 166 4 Worker 109946238
167 167 4 Worker 158491257
168 168 4 Worker 248941875
169 169 4 Worker 372693524
170 170 4 Worker 629092364
171 171 4 Worker 905381654
172 172 4 Worker 679581376
173 173 4 Worker 488830176
174 174 4 Worker 811312385
175 175 4 Worker 128282794
176 176 4 Worker 576462304
177 177 4 Worker 933778771
178 178 4 Worker 597440266
179 179 4 Worker 329918093
180 180 4 Worker 219557726
181 181 4 Worker 27584109
182 182 4 Worker 942731170
183 183 4 Worker 603090507
184 184 4 Worker 600529380
185 185 4 Worker 285841690
186 186 4 Worker 293764227
187 187 4 Worker 655377765
188 188 4 Worker 961036379
189 189 4 Worker 197198944
190 190 4 Worker 969618896
191 191 4 Worker 297314490
192 192 4 Worker 164171972
193 193 4 Worker 186184774
194 194 4 Worker 637701756
195 195 4 Worker 443239761
196 196 4 Worker 968841016
197 197 4 Worker 910748388
198 198 4 Worker 272341869
199 199 4 Worker 257377113
200 200 4 Worker 190182361
201 201 4 Worker 807212524
202 202 4 Worker 632303517
203 203 4 Worker 865826912
204 204 4 Worker 399374960
205 205 4 Worker 632616188
206 206 4 Worker 542642653
207 207 4 Worker 331268785
208 208 4 Worker 996492255
209 209 4 Worker 434780247
210 210 4 Worker 513887045
211 211 4 Worker 325010953
212 212 4 Worker 74152864
213 213 4 Worker 681550885
214 214 4 Worker 402516893
215 215 4 Worker 830487881
216 216 4 Worker 468486295
217 217 4 Worker 538699982
218 218 4 Worker 874844801
219 219 4 Worker 335702956
220 220 4 Worker 534709837
221 221 4 Worker 37850279
222 222 4 Worker 48194324
223 223 4 Worker 64500699
224 224 4 Worker 464111191
225 225 4 Worker 514741033
226 226 4 Worker 547163736
227 227 4 Worker 148947226
228 228 4 Worker 238824706
229 229 4 Worker 250402353
230 230 4 Worker 295304374
231 231 4 Worker 373941930
232 232 4 Worker 838765868
233 233 4 Worker 461786444
234 234 4 Worker 484256637
235 235 4 Worker 18506910
236 236 4 Worker 875752570
237 237 4 Worker 689034953
238 238 4 Worker 337302070
239 239 4 Worker 486030271
240 240 4 Worker 321321199
241 241 4 Worker 540795104
242 242 4 Worker 809083356
243 243 4 Worker 66404384
244 244 4 Worker 230056098
245 245 4 Worker 373864471
246 246 4 Worker 43743209
247 247 4 Worker 802532836
248 248 4 Worker 596053385
249 249 4 Worker 212300391
250 250 4 Worker 708673746
251 251 4 Worker 896529678
252 252 4 Worker 38365118
253 253 4 Worker 516463103
254 254 4 Worker 932518417
255 255 4 Worker 937067926
