0 0 -1 Splicer 675678235
1 1 0 Worker 252938645
2 2 -1 PersistentDB 590975058
3 3 -1 InMemoryDB 636524394
4 4 -1 WorkManager 449923717
5 5 4 Worker 630161522
6 6 4 Worker 888374500
7 7 4 Worker 804569228
8 8 4 Worker 460618332
9 9 4 Worker 427573721
10 10 4 Worker 370616866
11 11 4 Worker 742518085
12 12 4 Worker 276765421
13 13 4 Worker 570729921
14 14 4 Worker 230200804
15 15 4 Worker 161888451
16 16 4 Worker 553200068
17 17 4 Worker 322754216
18 18 4 Worker 565914044
19 19 4 Worker 912555817
20 20 4 Worker 967349551
21 21 4 Worker 682812724
22 22 4 Worker 374307459
23 23 4 Worker 582942919
24 24 4 Worker 954851391
25 25 4 Worker 972788851
26 26 4 Worker 686531241
27 27 4 Worker 362151319
28 28 4 Worker 122596427
29 29 4 Worker 631527097
30 30 4 Worker 556054924
31 31 4 Worker 634331973
32 32 4 Worker 358955028
33 33 4 Worker 772950538
34 34 4 Worker 310831067
35 35 4 Worker 41704313
36 36 4 Worker 141510720
37 37 4 Worker 584572947
38 38 4 Worker 609629403
39 39 4 Worker 301067657
40 40 4 Worker 550453686
41 41 4 Worker 657929852
42 42 4 Worker 336566455
43 43 4 Worker 780364142
44 44 4 Worker 378766273
45 45 4 Worker 309856958
46 46 4 Worker 904629743
47 47 4 Worker 5710059
48 48 4 Worker 670352629
49 49 4 Worker 460696109
50 50 4 Worker 876885714
51 51 4 Worker 194678941
52 52 4 Worker 324874311
53 53 4 Worker 924411324
54 54 4 Worker 485893642
55 55 4 Worker 657966858
56 56 4 Worker 233062490
57 57 4 Worker 962934589
58 58 4 Worker 405382835
59 59 4 Worker 851632190
60 60 4 Worker 555236997
61 61 4 Worker 807612646
62 62 4 Worker 90321138
63 63 4 Worker 67356301
64 64 4 Worker 395883310
65 65 4 Worker 249984134
66 66 4 Worker 10499239
67 67 4 Worker 575688563
68 68 4 Worker 121570878
69 69 4 Worker 3184700
70 70 4 Worker 590458608
71 71 4 Worker 349303972
72 72 4 Worker 708595522
73 73 4 Worker 451780383
74 74 4 Worker 93783450
75 75 4 Worker 333581201
76 76 4 Worker 329151607
77 77 4 Worker 784128625
78 78 4 Worker 273147888
79 79 4 Worker 838214853
80 80 4 Worker 446684495
81 81 4 Worker 909574589
82 82 4 Worker 271146803
83 83 4 Worker 4531249
84 84 4 Worker 933946079
85 85 4 Worker 715763607
86 86 4 Worker 808898094
87 87 4 Worker 993885306
88 88 4 Worker 598097539
89 89 4 Worker 56814302
90 90 4 Worker 684243148
91 91 4 Worker 125419714
92 92 4 Worker 820628812
93 93 4 Worker 647181110
94 94 4 Worker 409677829
95 95 4 Worker 384945300
96 96 4 Worker 589215696
97 97 4 Worker 992613237
98 98 4 Worker 669637169
99 99 4 Worker 734473075
100 100 4 Worker 921333999
101 101 4 Worker 484346771
102 102 4 Worker 605834917
103 103 4 Worker 934347201
104 104 4 Worker 697591421
105 105 4 Worker 643376245
106 106 4 Worker 517174798
107 107 4 Worker 443772677
108 108 4 Worker 207981884
109 109 4 Worker 664359554
110 110 4 Worker 598715909
111 111 4 Worker 994946802
112 112 4 Worker 73207013
113 113 4 Worker 762120538
114 114 4 Worker 112370235
115 115 4 Worker 602568773
116 116 4 Worker 998274441
117 117 4 Worker 983659088
118 118 4 Worker 819764767
119 119 4 Worker 786335005
120 120 4 Worker 17578744
121 121 4 Worker 581695760
122 122 4 Worker 694044515
123 123 4 Worker 713026526
124 124 4 Worker 476634022
125 125 4 Worker 25835080
126 126 4 Worker 738366448
127 127 4 Worker 43171317
128 128 4 Worker 227851605
129 129 4 Worker 820739384
130 130 4 Worker 541696315
131 131 4 Worker 951899961
132 132 4 Worker 361353864
133 133 4 Worker 678217718
134 134 4 Worker 617737554
135 135 4 Worker 552067652
136 136 4 Worker 690563204
137 137 4 Worker 876507042
138 138 4 Worker 195971527
139 139 4 Worker 271369150
140 140 4 Worker 87251579
141 141 4 Worker 166201550
142 142 4 Worker 181532404
143 143 4 Worker 103319734
144 144 4 Worker 977248071
145 145 4 Worker 528517758
146 146 4 Worker 845826852
147 147 4 Worker 862624770
148 148 4 Worker 875570482
149 149 4 Worker 212719856
150 150 4 Worker 135576042
151 151 4 Worker 661004619
152 152 4 Worker 917813566
153 153 4 Worker 447139911
154 154 4 Worker 358131760
155 155 4 Worker 846404915
156 156 4 Worker 569694218
157 157 4 Worker 249890372
158 158 4 Worker 838983553
159 159 4 Worker 494568522
160 160 4 Worker 259464459
161 161 4 Worker 385479033
162 162 4 Worker 242463889
163 163 4 Worker 806187119
164 164 4 Worker 681207288
165 165 4 Worker 60084611
166 166 4 Worker 22848484
167 167 4 Worker 326991825
168 168 4 Worker 858152585
169 169 4 Worker 301661186
170 170 4 Worker 419358404
171 171 4 Worker 588095801
172 172 4 Worker 140536805
173 173 4 Worker 50364233
174 174 4 Worker 568489067
175 175 4 Worker 557577970
176 176 4 Worker 713437418
177 177 4 Worker 514772169
178 178 4 Worker 412517117
179 179 4 Worker 357122630
180 180 4 Worker 70521662
181 181 4 Worker 773168450
182 182 4 Worker 423705693
183 183 4 Worker 785389621
184 184 4 Worker 218820452
185 185 4 Worker 565126676
186 186 4 Worker 536544132
187 187 4 Worker 566348574
188 188 4 Worker 599065130
189 189 4 Worker 641317566
190 190 4 Worker 386567226
191 191 4 Worker 944253671
192 192 4 Worker 265954908
193 193 4 Worker 524526238
194 194 4 Worker 563346365
195 195 4 Worker 294683768
196 196 4 Worker 145551666
197 197 4 Worker 557273360
198 198 4 Worker 764033713
199 199 4 Worker 964555449
200 200 4 Worker 708562366
201 201 4 Worker 628935599
202 202 4 Worker 637087695
203 203 4 Worker 610482749
204 204 4 Worker 464656538
205 205 4 Worker 527062171
206 206 4 Worker 97827673
207 207 4 Worker 575222934
208 208 4 Worker 157975315
209 209 4 Worker 367835494
210 210 4 Worker 6200818
211 211 4 Worker 519147064
212 212 4 Worker 720579793
213 213 4 Worker 491974503
214 214 4 Worker 220115805
215 215 4 Worker 93594937
216 216 4 Worker 857917893
217 217 4 Worker 327583427
218 218 4 Worker 300496606
219 219 4 Worker 585427990
220 220 4 Worker 959085000
221 221 4 Worker 534062162
222 222 4 Worker 810323623
223 223 4 Worker 970078303
224 224 4 Worker 611651483
225 225 4 Worker 672818388
226 226 4 Worker 658606729
227 227 4 Worker 727241190
228 228 4 Worker 694422349
229 229 4 Worker 492180161
230 230 4 Worker 873084948
231 231 4 Worker 318899139
232 232 4 Worker 74562294
233 233 4 Worker 104346352
234 234 4 Worker 389932235
235 235 4 Worker 229265864
236 236 4 Worker 609922974
237 237 4 Worker 958125813
238 238 4 Worker 958344259
239 239 4 Worker 58756764
240 240 4 Worker 853147659
241 241 4 Worker 541235140
242 242 4 Worker 739818896
243 243 4 Worker 105592742
244 244 4 Worker 987259677
245 245 4 Worker 936139626
246 246 4 Worker 726398710
247 247 4 Worker 694288962
248 248 4 Worker 980816125
249 249 4 Worker 35409133
250 250 4 Worker 798964575
251 251 4 Worker 451130999
252 252 4 Worker 274494961
253 253 4 Worker 973447252
254 254 4 Worker 83477205
255 255 4 Worker 18453152
