0 0 -1 Splicer 26303077
1 1 0 Worker 334587197
2 2 -1 PersistentDB 359784417
3 3 -1 InMemoryDB 482210560
4 4 -1 WorkManager 789192093
5 5 4 Worker 605156523
6 6 4 Worker 303444744
7 7 4 Worker 455594128
8 8 4 Worker 326114137
9 9 4 Worker 585476331
10 10 4 Worker 460194230
11 11 4 Worker 434712687
12 12 4 Worker 621004232
13 13 4 Worker 185228579
14 14 4 Worker 584148801
15 15 4 Worker 980514558
16 16 4 Worker 707944048
17 17 4 Worker 121870154
18 18 4 Worker 246144778
19 19 4 Worker 902863372
20 20 4 Worker 123584928
21 21 4 Worker 752806435
22 22 4 Worker 933169617
23 23 4 Worker 746671948
24 24 4 Worker 143522188
25 25 4 Worker 334722290
26 26 4 Worker 384864834
27 27 4 Worker 175408000
28 28 4 Worker 154745915
29 29 4 Worker 982810662
30 30 4 Worker 191072999
31 31 4 Worker 465727448
32 32 4 Worker 939683010
33 33 4 Worker 609814717
34 34 4 Worker 415860583
35 35 4 Worker 10058883
36 36 4 Worker 246648023
37 37 4 Worker 197931137
38 38 4 Worker 743933623
39 39 4 Worker 734538975
40 40 4 Worker 336291645
41 41 4 Worker 598499591
42 42 4 Worker 423103453
43 43 4 Worker 188564445
44 44 4 Worker 89614840
45 45 4 Worker 234763485
46 46 4 Worker 847129870
47 47 4 Worker 889789819
48 48 4 Worker 605212107
49 49 4 Worker 494548178
50 50 4 Worker 295639140
51 51 4 Worker 490875941
52 52 4 Worker 299892654
53 53 4 Worker 119099227
54 54 4 Worker 887833570
55 55 4 Worker 40228822
56 56 4 Worker 530528773
57 57 4 Worker 641245991
58 58 4 Worker 318955324
59 59 4 Worker 830892804
60 60 4 Worker 142238462
61 61 4 Worker 326395698
62 62 4 Worker 581887573
63 63 4 Worker 283648979
64 64 4 Worker 64210863
65 65 4 Worker 674618409
66 66 4 Worker 312659146
67 67 4 Worker 198173906
68 68 4 Worker 771420014
69 69 4 Worker 219653720
70 70 4 Worker 795415323
71 71 4 Worker 546453051
72 72 4 Worker 765809258
73 73 4 Worker 892686054
74 74 4 Worker 937442289
75 75 4 Worker 428396393
76 76 4 Worker 174255436
77 77 4 Worker 888554344
78 78 4 Worker 752196858
79 79 4 Worker 863865416
80 80 4 Worker 863586850
81 81 4 Worker 807036984
82 82 4 Worker 899028739
83 83 4 Worker 734244868
84 84 4 Worker 945387133
85 85 4 Worker 26640165
86 86 4 Worker 216077480
87 87 4 Worker 292324631
88 88 4 Worker 492928798
89 89 4 Worker 784342152
90 90 4 Worker 134787264
91 91 4 Worker 265152163
92 92 4 Worker 325961195
93 93 4 Worker 772738509
94 94 4 Worker 490439722
95 95 4 Worker 181782692
96 96 4 Worker 802869616
97 97 4 Worker 690373359
98 98 4 Worker 406796768
99 99 4 Worker 110816594
100 100 4 Worker 150441307
101 101 4 Worker 620101786
102 102 4 Worker 243365195
103 103 4 Worker 85885913
104 104 4 Worker 62321297
105 105 4 Worker 774881791
106 106 4 Worker 318637085
107 107 4 Worker 712200892
108 108 4 Worker 791693033
109 109 4 Worker 156752690
110 110 4 Worker 604236538
111 111 4 Worker 691235096
112 112 4 Worker 868747625
113 113 4 Worker 947507648
114 114 4 Worker 1144119
115 115 4 Worker 205328334
116 116 4 Worker 94277427
117 117 4 Worker 194547448
118 118 4 Worker 629481709
119 119 4 Worker 801712854
120 120 4 Worker 866407985
121 121 4 Worker 15414840
122 122 4 Worker 254521245
123 123 4 Worker 641563050
124 124 4 Worker 686166994
125 125 4 Worker 600165342
126 126 4 Worker 530064395
127 127 4 Worker 489563321
128 128 4 Worker 262436078
129 129 4 Worker 730555209
130 130 4 Worker 365113913
131 131 4 Worker 692622396
132 132 4 Worker 558274542
133 133 4 Worker 382527698
134 134 4 Worker 703420670
135 135 4 Worker 482204182
136 136 4 Worker 568098510
137 137 4 Worker 235312783
138 138 4 Worker 418115950
139 139 4 Worker 396856558
140 140 4 Worker 254141660
141 141 4 Worker 892434341
142 142 4 Worker 398047489
143 143 4 Worker 182651141
144 144 4 Worker 552018392
145 145 4 Worker 579885521
146 146 4 Worker 453800956
147 147 4 Worker 856032991
148 148 4 Worker 797742331
149 149 4 Worker 255692858
150 150 4 Worker 533194610
151 151 4 Worker 320106098
152 152 4 Worker 337681638
153 153 4 Worker 849747639
154 154 4 Worker 620951455
155 155 4 Worker 481239429
156 156 4 Worker 798240096
157 157 4 Worker 824240944
158 158 4 Worker 348004706
159 159 4 Worker 387226063
160 160 4 Worker 878882378
161 161 4 Worker 788059280
162 162 4 Worker 911507466
163 163 4 Worker 999784130
164 164 4 Worker 11400409
165 165 4 Worker 210937880
166 166 4 Worker 314033239
167 167 4 Worker 660739220
168 168 4 Worker 893616514
169 169 4 Worker 619563130
170 170 4 Worker 899895477
171 171 4 Worker 184776439
172 172 4 Worker 953283725
173 173 4 Worker 651780810
174 174 4 Worker 31343657
175 175 4 Worker 14606536
176 176 4 Worker 182775681
177 177 4 Worker 15517957
178 178 4 Worker 693733947
179 179 4 Worker 543491014
180 180 4 Worker 81945902
181 181 4 Worker 162653549
182 182 4 Worker 142471856
183 183 4 Worker 500501665
184 184 4 Worker 643972555
185 185 4 Worker 957109845
186 186 4 Worker 638388290
187 187 4 Worker 858452729
188 188 4 Worker 680807445
189 189 4 Worker 931488038
190 190 4 Worker 432260531
191 191 4 Worker 564915413
192 192 4 Worker 981366494
193 193 4 Worker 961869089
194 194 4 Worker 182834659
195 195 4 Worker 721995951
196 196 4 Worker 573409043
197 197 4 Worker 920243322
198 198 4 Worker 861242073
199 199 4 Worker 170010615
200 200 4 Worker 288331405
201 201 4 Worker 827031586
202 202 4 Worker 573104681
203 203 4 Worker 951523829
204 204 4 Worker 301653205
205 205 4 Worker 505011145
206 206 4 Worker 661404111
207 207 4 Worker 980937157
208 208 4 Worker 52033279
209 209 4 Worker 441834046
210 210 4 Worker 290419937
211 211 4 Worker 326584566
212 212 4 Worker 292918988
213 213 4 Worker 868452502
214 214 4 Worker 27469293
215 215 4 Worker 818347300
216 216 4 Worker 497081228
217 217 4 Worker 44531795
218 218 4 Worker 345716969
219 219 4 Worker 63875487
220 220 4 Worker 738448846
221 221 4 Worker 25388996
222 222 4 Worker 345961483
223 223 4 Worker 849020445
224 224 4 Worker 399949286
225 225 4 Worker 735978291
226 226 4 Worker 886551931
227 227 4 Worker 681056316
228 228 4 Worker 573385056
229 229 4 Worker 216293903
230 230 4 Worker 520507343
231 231 4 Worker 431387851
232 232 4 Worker 32112574
233 233 4 Worker 728988944
234 234 4 Worker 403446629
235 235 4 Worker 421072489
236 236 4 Worker 380992068
237 237 4 Worker 680795584
238 238 4 Worker 401056067
239 239 4 Worker 416490175
240 240 4 Worker 296177439
241 241 4 Worker 707385017
242 242 4 Worker 879859541
243 243 4 Worker 585740201
244 244 4 Worker 839123557
245 245 4 Worker 621016897
246 246 4 Worker 751050958
247 247 4 Worker 5777568
248 248 4 Worker 830583209
249 249 4 Worker 996968882
250 250 4 Worker 353499506
251 251 4 Worker 24702090
252 252 4 Worker 269291687
253 253 4 Worker 914676768
254 254 4 Worker 734014740
255 255 4 Worker 390546819
