0 0 -1 Splicer 478526191
1 1 0 Worker 876875461
2 2 -1 PersistentDB 145153459
3 3 -1 InMemoryDB 960841240
4 4 -1 WorkManager 344489624
5 5 4 Worker 149963127
6 6 4 Worker 298512859
7 7 4 Worker 764764634
8 8 4 Worker 607158189
9 9 4 Worker 656836843
10 10 4 Worker 398253914
11 11 4 Worker 627891568
12 12 4 Worker 250352521
13 13 4 Worker 35587897
14 14 4 Worker 140047802
15 15 4 Worker 108482043
16 16 4 Worker 147618037
17 17 4 Worker 378979713
18 18 4 Worker 310285046
19 19 4 Worker 431882168
20 20 4 Worker 267351112
21 21 4 Worker 252483166
22 22 4 Worker 71351561
23 23 4 Worker 11801418
24 24 4 Worker 652034899
25 25 4 Worker 357203256
26 26 4 Worker 994803653
27 27 4 Worker 164112735
28 28 4 Worker 978111296
29 29 4 Worker 362844508
30 30 4 Worker 30562380
31 31 4 Worker 619942125
32 32 4 Worker 151831030
33 33 4 Worker 516111647
34 34 4 Worker 772087853
35 35 4 Worker 416921844
36 36 4 Worker 992806177
37 37 4 Worker 718738756
38 38 4 Worker 180695706
39 39 4 Worker 137545529
40 40 4 Worker 681853903
41 41 4 Worker 582245909
42 42 4 Worker 126781420
43 43 4 Worker 920267787
44 44 4 Worker 660783294
45 45 4 Worker 992347344
46 46 4 Worker 901950387
47 47 4 Worker 595618082
48 48 4 Worker 356617805
49 49 4 Worker 775512909
50 50 4 Worker 23520229
51 51 4 Worker 107000035
52 52 4 Worker 977976645
53 53 4 Worker 529704066
54 54 4 Worker 110761005
55 55 4 Worker 225654543
56 56 4 Worker 938497958
57 57 4 Worker 570922078
58 58 4 Worker 222485058
59 59 4 Worker 526243768
60 60 4 Worker 611481484
61 61 4 Worker 447643502
62 62 4 Worker 706923120
63 63 4 Worker 644841654
64 64 4 Worker 42425653
65 65 4 Worker 660087850
66 66 4 Worker 165535945
67 67 4 Worker 604114913
68 68 4 Worker 827144040
69 69 4 Worker 576293134
70 70 4 Worker 103859674
71 71 4 Worker 358253145
72 72 4 Worker 736972180
73 73 4 Worker 119044962
74 74 4 Worker 154630072
75 75 4 Worker 693263639
76 76 4 Worker 830587144
77 77 4 Worker 424968397
78 78 4 Worker 250911179
79 79 4 Worker 486612203
80 80 4 Worker 278375590
81 81 4 Worker 383895620
82 82 4 Worker 563642781
83 83 4 Worker 704786155
84 84 4 Worker 880953066
85 85 4 Worker 793801084
86 86 4 Worker 213504468
87 87 4 Worker 3042196
88 88 4 Worker 454335370
89 89 4 Worker 929957134
90 90 4 Worker 321682024
91 91 4 Worker 483566729
92 92 4 Worker 318153357
93 93 4 Worker 637215289
94 94 4 Worker 644702594
95 95 4 Worker 225972299
96 96 4 Worker 321292177
97 97 4 Worker 399415932
98 98 4 Worker 764293234
99 99 4 Worker 940402838
100 100 4 Worker 301801071
101 101 4 Worker 711326163
102 102 4 Worker 605397070
103 103 4 Worker 673561633
104 104 4 Worker 998220105
105 105 4 Worker 244497962
106 106 4 Worker 696797279
107 107 4 Worker 858344183
108 108 4 Worker 333925920
109 109 4 Worker 230069326
110 110 4 Worker 396447353
111 111 4 Worker 579258465
112 112 4 Worker 586675563
113 113 4 Worker 848808890
114 114 4 Worker 767825063
115 115 4 Worker 15181361
116 116 4 Worker 490707871
117 117 4 Worker 150201004
118 118 4 Worker 628435772
119 119 4 Worker 878160113
120 120 4 Worker 757921956
121 121 4 Worker 84927423
122 122 4 Worker 178284054
123 123 4 Worker 740361765
124 124 4 Worker 666670265
125 125 4 Worker 814611704
126 126 4 Worker 562614203
127 127 4 Worker 40210984
128 128 4 Worker 403273788
129 129 4 Worker 810682440
130 130 4 Worker 560125840
131 131 4 Worker 555583273
132 132 4 Worker 895513280
133 133 4 Worker 348052098
134 134 4 Worker 777067389
135 135 4 Worker 193393201
136 136 4 Worker 206973035
137 137 4 Worker 486852077
138 138 4 Worker 393563406
139 139 4 Worker 57160204
140 140 4 Worker 784472714
141 141 4 Worker 110973453
142 142 4 Worker 425417638
143 143 4 Worker 580417133
144 144 4 Worker 962960475
145 145 4 Worker 397599258
146 146 4 Worker 390370540
147 147 4 Worker 840555452
148 148 4 Worker 680280658
149 149 4 Worker 867044213
150 150 4 Worker 790437654
151 151 4 Worker 975711447
152 152 4 Worker 754898093
153 153 4 Worker 935366101
154 154 4 Worker 45410412
155 155 4 Worker 226468634
156 156 4 Worker 252619015
157 157 4 Worker 625337558
158 158 4 Worker 148858570
159 159 4 Worker 971385590
160 160 4 Worker 859491916
161 161 4 Worker 30618899
162 162 4 Worker 96225782
163 163 4 Worker 399558403
164 164 4 Worker 649887753
165 165 4 Worker 620594558
166 166 4 Worker 671466062
167 167 4 Worker 323213040
168 168 4 Worker 844929881
169 169 4 Worker 739586240
170 170 4 Worker 955589947
171 171 4 Worker 552982592
172 172 4 Worker 837349422
173 173 4 Worker 215488996
174 174 4 Worker 237910690
175 175 4 Worker 390098721
176 176 4 Worker 387582480
177 177 4 Worker 502938919
178 178 4 Worker 479732609
179 179 4 Worker 989087798
180 180 4 Worker 971572684
181 181 4 Worker 948169855
182 182 4 Worker 460187397
183 183 4 Worker 232117402
184 184 4 Worker 368732301
185 185 4 Worker 118719884
186 186 4 Worker 701644007
187 187 4 Worker 353696451
188 188 4 Worker 792963240
189 189 4 Worker 600102955
190 190 4 Worker 41308538
191 191 4 Worker 486345166
192 192 4 Worker 239842677
193 193 4 Worker 868477765
194 194 4 Worker 538238006
195 195 4 Worker 931265588
196 196 4 Worker 757260557
197 197 4 Worker 945516453
198 198 4 Worker 395480034
199 199 4 Worker 424198340
200 200 4 Worker 234829460
201 201 4 Worker 944030383
202 202 4 Worker 636196559
203 203 4 Worker 878032910
204 204 4 Worker 711021375
205 205 4 Worker 109487597
206 206 4 Worker 862905838
207 207 4 Worker 396411829
208 208 4 Worker 452591519
209 209 4 Worker 747007209
210 210 4 Worker 6230802
211 211 4 Worker 209332693
212 212 4 Worker 950539593
213 213 4 Worker 970691535
214 214 4 Worker 170287255
215 215 4 Worker 783190229
216 216 4 Worker 281630471
217 217 4 Worker 811080670
218 218 4 Worker 37091382
219 219 4 Worker 275014255
220 220 4 Worker 516338588
221 221 4 Worker 672355019
222 222 4 Worker 572956270
223 223 4 Worker 429652455
224 224 4 Worker 869047131
225 225 4 Worker 727434756
226 226 4 Worker 667545634
227 227 4 Worker 682605084
228 228 4 Worker 170423862
229 229 4 Worker 662383579
230 230 4 Worker 745626580
231 231 4 Worker 206668633
232 232 4 Worker 398159496
233 233 4 Worker 828803621
234 234 4 Worker 361063658
235 235 4 Worker 86224221
236 236 4 Worker 206210521
237 237 4 Worker 115533695
238 238 4 Worker 264177703
239 239 4 Worker 782600386
240 240 4 Worker 31717261
241 241 4 Worker 873405168
242 242 4 Worker 708006382
243 243 4 Worker 192539144
244 244 4 Worker 158928685
245 245 4 Worker 247618989
246 246 4 Worker 856624134
247 247 4 Worker 282880226
248 248 4 Worker 987636054
249 249 4 Worker 139136572
250 250 4 Worker 545000830
251 251 4 Worker 557867427
252 252 4 Worker 528250257
253 253 4 Worker 645756125
254 254 4 Worker 758143481
255 255 4 Worker 811248825
