0 0 -1 Splicer 166892187
1 1 0 Worker 600420118
2 2 -1 PersistentDB 654950154
3 3 -1 InMemoryDB 279812719
4 4 -1 WorkManager 24368573
5 5 4 Worker 420205265
6 6 4 Worker 40994864
7 7 4 Worker 328433708
8 8 4 Worker 542369129
9 9 4 Worker 808442499
10 10 4 Worker 769499558
11 11 4 Worker 838532582
12 12 4 Worker 828133323
13 13 4 Worker 843032996
14 14 4 Worker 796757376
15 15 4 Worker 383805214
16 16 4 Worker 382057427
17 17 4 Worker 50264624
18 18 4 Worker 105978607
19 19 4 Worker 530119353
20 20 4 Worker 565810096
21 21 4 Worker 475254147
22 22 4 Worker 400732257
23 23 4 Worker 144332699
24 24 4 Worker 544896558
25 25 4 Worker 262137983
26 26 4 Worker 559585596
27 27 4 Worker 543153538
28 28 4 Worker 896910092
29 29 4 Worker 991067836
30 30 4 Worker 754300754
31 31 4 Worker 339742769
32 32 4 Worker 815184021
33 33 4 Worker 708312495
34 34 4 Worker 840642599
35 35 4 Worker 359533370
36 36 4 Worker 519174690
37 37 4 Worker 646436977
38 38 4 Worker 911379795
39 39 4 Worker 374437963
40 40 4 Worker 750210754
41 41 4 Worker 583270335
42 42 4 Worker 421357961
43 43 4 Worker 696036202
44 44 4 Worker 935189669
45 45 4 Worker 614174775
46 46 4 Worker 349792485
47 47 4 Worker 768558595
48 48 4 Worker 73918155
49 49 4 Worker 952399714
50 50 4 Worker 436675590
51 51 4 Worker 46142565
52 52 4 Worker 908398572
53 53 4 Worker 948602463
54 54 4 Worker 516855591
55 55 4 Worker 562820242
56 56 4 Worker 634283302
57 57 4 Worker 692538882
58 58 4 Worker 352163388
59 59 4 Worker 836872715
60 60 4 Worker 467189378
61 61 4 Worker 544179163
62 62 4 Worker 689433731
63 63 4 Worker 155660364
64 64 4 Worker 622658211
65 65 4 Worker 695746938
66 66 4 Worker 636268849
67 67 4 Worker 293766352
68 68 4 Worker 777173589
69 69 4 Worker 281992105
70 70 4 Worker 303261970
71 71 4 Worker 138160121
72 72 4 Worker 414541328
73 73 4 Worker 328782285
74 74 4 Worker 960242704
75 75 4 Worker 801885282
76 76 4 Worker 560009601
77 77 4 Worker 872763286
78 78 4 Worker 209412827
79 79 4 Worker 962481578
80 80 4 Worker 573177224
81 81 4 Worker 551955208
82 82 4 Worker 651810454
83 83 4 Worker 286712635
84 84 4 Worker 368005803
85 85 4 Worker 172642082
86 86 4 Worker 742077621
87 87 4 Worker 586062420
88 88 4 Worker 292524341
89 89 4 Worker 277832953
90 90 4 Worker 15045009
91 91 4 Worker 322911976
92 92 4 Worker 330050725
93 93 4 Worker 920048092
94 94 4 Worker 425207630
95 95 4 Worker 889804450
96 96 4 Worker 166465121
97 97 4 Worker 606489579
98 98 4 Worker 867517632
99 99 4 Worker 393354164
100 100 4 Worker 893217566
101 101 4 Worker 9887945
102 102 4 Worker 614424549
103 103 4 Worker 76252225
104 104 4 Worker 249434242
105 105 4 Worker 522297430
106 106 4 Worker 211855202
107 107 4 Worker 534475423
108 108 4 Worker 309424712
109 109 4 Worker 353803189
110 110 4 Worker 272616447
111 111 4 Worker 303935711
112 112 4 Worker 788034912
113 113 4 Worker 244445584
114 114 4 Worker 314236767
115 115 4 Worker 339541812
116 116 4 Worker 84362807
117 117 4 Worker 219984669
118 118 4 Worker 374278733
119 119 4 Worker 56088676
120 120 4 Worker 272611606
121 121 4 Worker 201767967
122 122 4 Worker 979538457
123 123 4 Worker 717513104
124 124 4 Worker 214205242
125 125 4 Worker 310613848
126 126 4 Worker 592346341
127 127 4 Worker 856873575
128 128 4 Worker 437423359
129 129 4 Worker 436958468
130 130 4 Worker 50890299
131 131 4 Worker 250371767
132 132 4 Worker 495649145
133 133 4 Worker 130773023
134 134 4 Worker 380094594
135 135 4 Worker 908103594
136 136 4 Worker 360117189
137 137 4 Worker 431842241
138 138 4 Worker 729638734
139 139 4 Worker 226934874
140 140 4 Worker 775967606
141 141 4 Worker 237778530
142 142 4 Worker 495955952
143 143 4 Worker 323027067
144 144 4 Worker 491879675
145 145 4 Worker 790389931
146 146 4 Worker 690660936
147 147 4 Worker 992022461
148 148 4 Worker 809122966
149 149 4 Worker 40526475
150 150 4 Worker 318712366
151 151 4 Worker 517768235
152 152 4 Worker 332990011
153 153 4 Worker 404657364
154 154 4 Worker 949889137
155 155 4 Worker 741019664
156 156 4 Worker 769072720
157 157 4 Worker 162245164
158 158 4 Worker 662190592
159 159 4 Worker 340557400
160 160 4 Worker 689872494
161 161 4 Worker 56102838
162 162 4 Worker 760078030
163 163 4 Worker 382280291
164 164 4 Worker 301720869
165 165 4 Worker 70422525
166 166 4 Worker 926423067
167 167 4 Worker 364586636
168 168 4 Worker 267084911
169 169 4 Worker 300742142
170 170 4 Worker 567391182
171 171 4 Worker 582791298
172 172 4 Worker 989178241
173 173 4 Worker 557484058
174 174 4 Worker 841751522
175 175 4 Worker 109695939
176 176 4 Worker 271301374
177 177 4 Worker 197072674
178 178 4 Worker 502355316
179 179 4 Worker 345386050
180 180 4 Worker 226518018
181 181 4 Worker 824274159
182 182 4 Worker 707820730
183 183 4 Worker 479657477
184 184 4 Worker 846597191
185 185 4 Worker 112633943
186 186 4 Worker 352009829
187 187 4 Worker 658138605
188 188 4 Worker 324597935
189 189 4 Worker 549247142
190 190 4 Worker 732194238
191 191 4 Worker 642657706
192 192 4 Worker 512099512
193 193 4 Worker 248713230
194 194 4 Worker 828869035
195 195 4 Worker 964826831
196 196 4 Worker 347149453
197 197 4 Worker 208443935
198 198 4 Worker 361917240
199 199 4 Worker 224448586
200 200 4 Worker 814715961
201 201 4 Worker 633462503
202 202 4 Worker 286870802
203 203 4 Worker 988822862
204 204 4 Worker 295486732
205 205 4 Worker 540361294
206 206 4 Worker 377666976
207 207 4 Worker 616299679
208 208 4 Worker 671273510
209 209 4 Worker 971652424
210 210 4 Worker 951618086
211 211 4 Worker 535457213
212 212 4 Worker 124543652
213 213 4 Worker 268813852
214 214 4 Worker 107048579
215 215 4 Worker 467994845
216 216 4 Worker 41723512
217 217 4 Worker 446030089
218 218 4 Worker 869339293
219 219 4 Worker 653266200
220 220 4 Worker 26178444
221 221 4 Worker 931509599
222 222 4 Worker 427846713
223 223 4 Worker 91629389
224 224 4 Worker 654512542
225 225 4 Worker 217201260
226 226 4 Worker 594473414
227 227 4 Worker 645126594
228 228 4 Worker 829163097
229 229 4 Worker 803304266
230 230 4 Worker 323934238
231 231 4 Worker 338862133
232 232 4 Worker 813136370
233 233 4 Worker 307487387
234 234 4 Worker 35704205
235 235 4 Worker 325378822
236 236 4 Worker 706543799
237 237 4 Worker 489294485
238 238 4 Worker 131991116
239 239 4 Worker 786916530
240 240 4 Worker 709052663
241 241 4 Worker 272892965
242 242 4 Worker 684640879
243 243 4 Worker 608355234
244 244 4 Worker 647198717
245 245 4 Worker 507603201
246 246 4 Worker 781248440
247 247 4 Worker 483523934
248 248 4 Worker 72492205
249 249 4 Worker 650984613
250 250 4 Worker 479296936
251 251 4 Worker 61916507
252 252 4 Worker 824698695
253 253 4 Worker 138452000
254 254 4 Worker 512334273
255 255 4 Worker 684975010
