0 0 -1 Splicer 569883766
1 1 0 Worker 813993001
2 2 -1 PersistentDB 998049622
3 3 -1 InMemoryDB 36670058
4 4 -1 WorkManager 494655976
5 5 4 Worker 947550997
6 6 4 Worker 991671357
7 7 4 Worker 513181579
8 8 4 Worker 893269940
9 9 4 Worker 511344526
10 10 4 Worker 773024891
11 11 4 Worker 32687789
12 12 4 Worker 566727289
13 13 4 Worker 879130152
14 14 4 Worker 858443086
15 15 4 Worker 963057730
16 16 4 Worker 122169442
17 17 4 Worker 432421196
18 18 4 Worker 665022864
19 19 4 Worker 591804134
20 20 4 Worker 288866426
21 21 4 Worker 206703815
22 22 4 Worker 520139228
23 23 4 Worker 163270066
24 24 4 Worker 87419224
25 25 4 Worker 607004353
26 26 4 Worker 515477850
27 27 4 Worker 289164541
28 28 4 Worker 466979504
29 29 4 Worker 411362880
30 30 4 Worker 718445583
31 31 4 Worker 988703298
32 32 4 Worker 252483209
33 33 4 Worker 204283166
34 34 4 Worker 47731890
35 35 4 Worker 71678462
36 36 4 Worker 166880268
37 37 4 Worker 439700965
38 38 4 Worker 22811691
39 39 4 Worker 692184046
40 40 4 Worker 658567445
41 41 4 Worker 393538367
42 42 4 Worker 26080817
43 43 4 Worker 318140089
44 44 4 Worker 108589191
45 45 4 Worker 41046053
46 46 4 Worker 301646398
47 47 4 Worker 175111631
48 48 4 Worker 611835083
49 49 4 Worker 353760711
50 50 4 Worker 538062247
51 51 4 Worker 920109459
52 52 4 Worker 342713276
53 53 4 Worker 312971444
54 54 4 Worker 740674557
55 55 4 Worker 45878892
56 56 4 Worker 182600155
57 57 4 Worker 479093891
58 58 4 Worker 627855240
59 59 4 Worker 599661741
60 60 4 Worker 579878434
61 61 4 Worker 531482599
62 62 4 Worker 375844996
63 63 4 Worker 276115254
64 64 4 Worker 420529304
65 65 4 Worker 375854333
66 66 4 Worker 634249094
67 67 4 Worker 945027745
68 68 4 Worker 976392397
69 69 4 Worker 136534273
70 70 4 Worker 431176464
71 71 4 Worker 567924857
72 72 4 Worker 75022600
73 73 4 Worker 541002562
74 74 4 Worker 18633304
75 75 4 Worker 420665559
76 76 4 Worker 915264363
77 77 4 Worker 131050004
78 78 4 Worker 180011071
79 79 4 Worker 352873989
80 80 4 Worker 276388827
81 81 4 Worker 611330082
82 82 4 Worker 768448696
83 83 4 Worker 710367819
84 84 4 Worker 216733019
85 85 4 Worker 750504603
86 86 4 Worker 971930099
87 87 4 Worker 385525186
88 88 4 Worker 635734456
89 89 4 Worker 178241064
90 90 4 Worker 183909466
91 91 4 Worker 376149887
92 92 4 Worker 158789623
93 93 4 Worker 134994438
94 94 4 Worker 623745458
95 95 4 Worker 964379325
96 96 4 Worker 353051703
97 97 4 Worker 307509802
98 98 4 Worker 143387371
99 99 4 Worker 92062835
100 100 4 Worker 573386055
101 101 4 Worker 915819171
102 102 4 Worker 411166243
103 103 4 Worker 582433064
104 104 4 Worker 481263916
105 105 4 Worker 723152589
106 106 4 Worker 177850690
107 107 4 Worker 608858155
108 108 4 Worker 7244338
109 109 4 Worker 896973974
110 110 4 Worker 826582688
111 111 4 Worker 246160029
112 112 4 Worker 33967704
113 113 4 Worker 329974202
114 114 4 Worker 808491411
115 115 4 Worker 314609681
116 116 4 Worker 958709796
117 117 4 Worker 198180933
118 118 4 Worker 202765112
119 119 4 Worker 651830153
120 120 4 Worker 331606116
121 121 4 Worker 741737345
122 122 4 Worker 56056717
123 123 4 Worker 274905311
124 124 4 Worker 15575341
125 125 4 Worker 372241459
126 126 4 Worker 556758664
127 127 4 Worker 928030647
128 128 4 Worker 636658883
129 129 4 Worker 414356834
130 130 4 Worker 321251110
131 131 4 Worker 901523676
132 132 4 Worker 473283555
133 133 4 Worker 857214484
134 134 4 Worker 895274614
135 135 4 Worker 847703576
136 136 4 Worker 634929674
137 137 4 Worker 605789832
138 138 4 Worker 127243503
139 139 4 Worker 706275778
140 140 4 Worker 749380646
141 141 4 Worker 270256682
142 142 4 Worker 90506022
143 143 4 Worker 303958797
144 144 4 Worker 272319325
145 145 4 Worker 527039931
146 146 4 Worker 655023291
147 147 4 Worker 439990918
148 148 4 Worker 362625008
149 149 4 Worker 335280177
150 150 4 Worker 513240966
151 151 4 Worker 251515957
152 152 4 Worker 129123530
153 153 4 Worker 503619975
154 154 4 Worker 108762676
155 155 4 Worker 268836980
156 156 4 Worker 599111157
157 157 4 Worker 258324072
158 158 4 Worker 699462803
159 159 4 Worker 365546272
160 160 4 Worker 564894661
161 161 4 Worker 139474836
162 162 4 Worker 669071835
163 163 4 Worker 750627042
164 164 4 Worker 198897994
165 165 4 Worker 567897885
166 166 4 Worker 428545095
167 167 4 Worker 627327965
168 168 4 Worker 61735209
169 169 4 Worker 663358131
170 170 4 Worker 430039042
171 171 4 Worker 570169377
172 172 4 Worker 136191596
173 173 4 Worker 74806724
174 174 4 Worker 936058562
175 175 4 Worker 142608866
176 176 4 Worker 945000761
177 177 4 Worker 133761290
178 178 4 Worker 387271778
179 179 4 Worker 836662150
180 180 4 Worker 808068021
181 181 4 Worker 950982208
182 182 4 Worker 9994937
183 183 4 Worker 535624358
184 184 4 Worker 789840934
185 185 4 Worker 51672449
186 186 4 Worker 334983154
187 187 4 Worker 749662782
188 188 4 Worker 622572594
189 189 4 Worker 769868971
190 190 4 Worker 935506956
191 191 4 Worker 173543427
192 192 4 Worker 586502130
193 193 4 Worker 462287067
194 194 4 Worker 844323987
195 195 4 Worker 524754793
196 196 4 Worker 366383281
197 197 4 Worker 628452401
198 198 4 Worker 317200757
199 199 4 Worker 493971195
200 200 4 Worker 783451444
201 201 4 Worker 578377658
202 202 4 Worker 461300961
203 203 4 Worker 788340797
204 204 4 Worker 14762633
205 205 4 Worker 418614696
206 206 4 Worker 612450659
207 207 4 Worker 15902304
208 208 4 Worker 609173557
209 209 4 Worker 763070939
210 210 4 Worker 898064763
211 211 4 Worker 492124265
212 212 4 Worker 5406022
213 213 4 Worker 847937198
214 214 4 Worker 313761965
215 215 4 Worker 200693913
216 216 4 Worker 5044326
217 217 4 Worker 67921048
218 218 4 Worker 410284336
219 219 4 Worker 998540303
220 220 4 Worker 211312609
221 221 4 Worker 410134829
222 222 4 Worker 619432854
223 223 4 Worker 474923860
224 224 4 Worker 766494080
225 225 4 Worker 204499244
226 226 4 Worker 858843197
227 227 4 Worker 692455297
228 228 4 Worker 760882433
229 229 4 Worker 326198442
230 230 4 Worker 142279295
231 231 4 Worker 64762586
232 232 4 Worker 623722200
233 233 4 Worker 54503374
234 234 4 Worker 609334655
235 235 4 Worker 421220888
236 236 4 Worker 654780243
237 237 4 Worker 638976556
238 238 4 Worker 840777395
239 239 4 Worker 552183202
240 240 4 Worker 296223283
241 241 4 Worker 786701630
242 242 4 Worker 622075328
243 243 4 Worker 353632315
244 244 4 Worker 638835905
245 245 4 Worker 346648192
246 246 4 Worker 55424932
247 247 4 Worker 599605037
248 248 4 Worker 485978915
249 249 4 Worker 213532084
250 250 4 Worker 888213117
251 251 4 Worker 282145777
252 252 4 Worker 48611104
253 253 4 Worker 611672501
254 254 4 Worker 421156242
255 255 4 Worker 96494058
