0 0 -1 Splicer 72332303
1 1 0 Worker 579855602
2 2 -1 PersistentDB 143086082
3 3 -1 InMemoryDB 456784834
4 4 -1 WorkManager 464554479
5 5 4 Worker 739654887
6 6 4 Worker 116698242
7 7 4 Worker 863758804
8 8 4 Worker 485920635
9 9 4 Worker 542083765
10 10 4 Worker 406710837
11 11 4 Worker 476742094
12 12 4 Worker 335740234
13 13 4 Worker 376585814
14 14 4 Worker 192027754
15 15 4 Worker 644159042
16 16 4 Worker 957871320
17 17 4 Worker 265131879
18 18 4 Worker 637062110
19 19 4 Worker 674254180
20 20 4 Worker 870812053
21 21 4 Worker 211793624
22 22 4 Worker 641807879
23 23 4 Worker 629197600
24 24 4 Worker 162795345
25 25 4 Worker 458446836
26 26 4 Worker 608327065
27 27 4 Worker 452176468
28 28 4 Worker 147716328
29 29 4 Worker 863107988
30 30 4 Worker 452206009
31 31 4 Worker 819710291
32 32 4 Worker 20971874
33 33 4 Worker 973086754
34 34 4 Worker 251955790
35 35 4 Worker 211434817
36 36 4 Worker 403289333
37 37 4 Worker 224448657
38 38 4 Worker 586315635
39 39 4 Worker 232213475
40 40 4 Worker 174084836
41 41 4 Worker 656131869
42 42 4 Worker 617407342
43 43 4 Worker 909052153
44 44 4 Worker 666981965
45 45 4 Worker 46328354
46 46 4 Worker 659837283
47 47 4 Worker 406600174
48 48 4 Worker 782034946
49 49 4 Worker 24053808
50 50 4 Worker 520815897
51 51 4 Worker 679279082
52 52 4 Worker 807046953
53 53 4 Worker 426074367
54 54 4 Worker 372586805
55 55 4 Worker 298360588
56 56 4 Worker 600469197
57 57 4 Worker 537342921
58 58 4 Worker 745355742
59 59 4 Worker 927570083
60 60 4 Worker 194496937
61 61 4 Worker 49778287
62 62 4 Worker 139774599
63 63 4 Worker 802762369
64 64 4 Worker 515726875
65 65 4 Worker 322447765
66 66 4 Worker 498037218
67 67 4 Worker 507831768
68 68 4 Worker 374850023
69 69 4 Worker 41352473
70 70 4 Worker 313371594
71 71 4 Worker 329567788
72 72 4 Worker 69935366
73 73 4 Worker 550858550
74 74 4 Worker 498853885
75 75 4 Worker 756581816
76 76 4 Worker 784326326
77 77 4 Worker 178335510
78 78 4 Worker 500459412
79 79 4 Worker 819564474
80 80 4 Worker 837860736
81 81 4 Worker 931881979
82 82 4 Worker 713747283
83 83 4 Worker 818166234
84 84 4 Worker 474128541
85 85 4 Worker 459354967
86 86 4 Worker 792724375
87 87 4 Worker 36797292
88 88 4 Worker 427467141
89 89 4 Worker 523192321
90 90 4 Worker 484247780
91 91 4 Worker 467406804
92 92 4 Worker 780835679
93 93 4 Worker 267406606
94 94 4 Worker 552832030
95 95 4 Worker 606889087
96 96 4 Worker 369818443
97 97 4 Worker 748955572
98 98 4 Worker 212776201
99 99 4 Worker 145117673
100 100 4 Worker 769704931
101 101 4 Worker 595169358
102 102 4 Worker 441849171
103 103 4 Worker 813495268
104 104 4 Worker 27938281
105 105 4 Worker 877150937
106 106 4 Worker 399915393
107 107 4 Worker 629686126
108 108 4 Worker 887832322
109 109 4 Worker 834914048
110 110 4 Worker 56174825
111 111 4 Worker 370836544
112 112 4 Worker 111898846
113 113 4 Worker 226207574
114 114 4 Worker 461043070
115 115 4 Worker 324356701
116 116 4 Worker 254776867
117 117 4 Worker 341468157
118 118 4 Worker 693949090
119 119 4 Worker 751436645
120 120 4 Worker 974638995
121 121 4 Worker 561514599
122 122 4 Worker 601981813
123 123 4 Worker 139169170
124 124 4 Worker 674613658
125 125 4 Worker 180218549
126 126 4 Worker 306788779
127 127 4 Worker 291130758
128 128 4 Worker 25073147
129 129 4 Worker 336604533
130 130 4 Worker 317027550
131 131 4 Worker 774868118
132 132 4 Worker 467182473
133 133 4 Worker 467724118
134 134 4 Worker 27772690
135 135 4 Worker 463376378
136 136 4 Worker 56848571
137 137 4 Worker 619060251
138 138 4 Worker 286161049
139 139 4 Worker 362267952
140 140 4 Worker 598274386
141 141 4 Worker 938854385
142 142 4 Worker 312792242
143 143 4 Worker 751988039
144 144 4 Worker 455136034
145 145 4 Worker 231600713
146 146 4 Worker 594492189
147 147 4 Worker 18032059
148 148 4 Worker 850396011
149 149 4 Worker 602243311
150 150 4 Worker 855630262
151 151 4 Worker 367858495
152 152 4 Worker 986522193
153 153 4 Worker 746058176
154 154 4 Worker 869660331
155 155 4 Worker 237148323
156 156 4 Worker 193873711
157 157 4 Worker 756125893
158 158 4 Worker 334001892
159 159 4 Worker 794675160
160 160 4 Worker 896910611
161 161 4 Worker 562347893
162 162 4 Worker 785223787
163 163 4 Worker 872144651
164 164 4 Worker 547944125
165 165 4 Worker 49399673
166 166 4 Worker 907048913
167 167 4 Worker 604912574
168 168 4 Worker 662166254
169 169 4 Worker 603256201
170 170 4 Worker 305992039
171 171 4 Worker 955609865
172 172 4 Worker 90599688
173 173 4 Worker 169254401
174 174 4 Worker 750582754
175 175 4 Worker 466211000
176 176 4 Worker 286157480
177 177 4 Worker 480404545
178 178 4 Worker 939975587
179 179 4 Worker 484071806
180 180 4 Worker 897152926
181 181 4 Worker 696854174
182 182 4 Worker 116410865
183 183 4 Worker 360082295
184 184 4 Worker 561378288
185 185 4 Worker 430293735
186 186 4 Worker 829275382
187 187 4 Worker 776139550
188 188 4 Worker 54034496
189 189 4 Worker 317545375
190 190 4 Worker 728958488
191 191 4 Worker 796743688
192 192 4 Worker 1880339
193 193 4 Worker 38355486
194 194 4 Worker 816461255
195 195 4 Worker 347374420
196 196 4 Worker 934413211
197 197 4 Worker 133838705
198 198 4 Worker 794719956
199 199 4 Worker 608393255
200 200 4 Worker 271674844
201 201 4 Worker 232285391
202 202 4 Worker 826031922
203 203 4 Worker 304701361
204 204 4 Worker 60720598
205 205 4 Worker 480790773
206 206 4 Worker 456735056
207 207 4 Worker 861855851
208 208 4 Worker 561741340
209 209 4 Worker 764008082
210 210 4 Worker 364598438
211 211 4 Worker 326172557
212 212 4 Worker 562232959
213 213 4 Worker 606693086
214 214 4 Worker 771058548
215 215 4 Worker 936091974
216 216 4 Worker 820853766
217 217 4 Worker 80937565
218 218 4 Worker 839796347
219 219 4 Worker 596573790
220 220 4 Worker 904937833
221 221 4 Worker 80734654
222 222 4 Worker 914401680
223 223 4 Worker 541706793
224 224 4 Worker 269715325
225 225 4 Worker 298457427
226 226 4 Worker 279053975
227 227 4 Worker 39368338
228 228 4 Worker 510898299
229 229 4 Worker 506286156
230 230 4 Worker 10067346
231 231 4 Worker 473124322
232 232 4 Worker 304514645
233 233 4 Worker 689154034
234 234 4 Worker 498361310
235 235 4 Worker 984793453
236 236 4 Worker 7363732
237 237 4 Worker 584736875
238 238 4 Worker 36029981
239 239 4 Worker 878238486
240 240 4 Worker 741718392
241 241 4 Worker 134533858
242 242 4 Worker 92552197
243 243 4 Worker 70673188
244 244 4 Worker 263722454
245 245 4 Worker 759219572
246 246 4 Worker 338703518
247 247 4 Worker 566991421
248 248 4 Worker 731821873
249 249 4 Worker 106260357
250 250 4 Worker 324919388
251 251 4 Worker 290710335
252 252 4 Worker 734630618
253 253 4 Worker 856286991
254 254 4 Worker 691567440
255 255 4 Worker 740540452
