0 0 -1 Splicer 994567533
1 1 0 Worker 697572363
2 2 -1 PersistentDB 628149513
3 3 -1 InMemoryDB 909814425
4 4 -1 WorkManager 723211176
5 5 4 Worker 534818517
6 6 4 Worker 507949939
7 7 4 Worker 240547419
8 8 4 Worker 770893210
9 9 4 Worker 72132751
10 10 4 Worker 359117258
11 11 4 Worker 898967953
12 12 4 Worker 264238617
13 13 4 Worker 552074623
14 14 4 Worker 975398283
15 15 4 Worker 503820177
16 16 4 Worker 872705347
17 17 4 Worker 251081372
18 18 4 Worker 83536523
19 19 4 Worker 525050407
20 20 4 Worker 25138138
21 21 4 Worker 896449344
22 22 4 Worker 700598039
23 23 4 Worker 272276352
24 24 4 Worker 436900457
25 25 4 Worker 591630449
26 26 4 Worker 249849487
27 27 4 Worker 509424940
28 28 4 Worker 393190729
29 29 4 Worker 562900246
30 30 4 Worker 201590122
31 31 4 Worker 14657971
32 32 4 Worker 564095428
33 33 4 Worker 573077491
34 34 4 Worker 778367187
35 35 4 Worker 911091878
36 36 4 Worker 767932047
37 37 4 Worker 337425624
38 38 4 Worker 969112467
39 39 4 Worker 686399955
40 40 4 Worker 577521470
41 41 4 Worker 202502239
42 42 4 Worker 565126716
43 43 4 Worker 547311641
44 44 4 Worker 387301895
45 45 4 Worker 45020985
46 46 4 Worker 224609731
47 47 4 Worker 741220729
48 48 4 Worker 626083776
49 49 4 Worker 578636191
50 50 4 Worker 559237220
51 51 4 Worker 78406405
52 52 4 Worker 642572068
53 53 4 Worker 914913898
54 54 4 Worker 736258591
55 55 4 Worker 8013044
56 56 4 Worker 836807519
57 57 4 Worker 582601870
58 58 4 Worker 101356905
59 59 4 Worker 795122585
60 60 4 Worker 194824516
61 61 4 Worker 503610919
62 62 4 Worker 654138293
63 63 4 Worker 4380596
64 64 4 Worker 866418604
65 65 4 Worker 751560517
66 66 4 Worker 100565000
67 67 4 Worker 31696058
68 68 4 Worker 616951948
69 69 4 Worker 778559051
70 70 4 Worker 193718811
71 71 4 Worker 925139731
72 72 4 Worker 715909219
73 73 4 Worker 554591970
74 74 4 Worker 310363976
75 75 4 Worker 684685809
76 76 4 Worker 715045405
77 77 4 Worker 707851481
78 78 4 Worker 938388535
79 79 4 Worker 741297722
80 80 4 Worker 600246310
81 81 4 Worker 291310204
82 82 4 Worker 452899249
83 83 4 Worker 694053541
84 84 4 Worker 774367190
85 85 4 Worker 309633212
86 86 4 Worker 105717535
87 87 4 Worker 50203418
88 88 4 Worker 748806324
89 89 4 Worker 110239882
90 90 4 Worker 573143302
91 91 4 Worker 221931611
92 92 4 Worker 70622266
93 93 4 Worker 143275775
94 94 4 Worker 97716384
95 95 4 Worker 321631907
96 96 4 Worker 943034463
97 97 4 Worker 986669273
98 98 4 Worker 230148949
99 99 4 Worker 682919969
100 100 4 Worker 241262625
101 101 4 Worker 605423436
102 102 4 Worker 847993118
103 103 4 Worker 517468117
104 104 4 Worker 145558413
105 105 4 Worker 959947184
106 106 4 Worker 645457956
107 107 4 Worker 91641666
108 108 4 Worker 8426531
109 109 4 Worker 471444239
110 110 4 Worker 688204872
111 111 4 Worker 361139654
112 112 4 Worker 784092355
113 113 4 Worker 748708739
114 114 4 Worker 711693161
115 115 4 Worker 47608358
116 116 4 Worker 445832297
117 117 4 Worker 41043555
118 118 4 Worker 436321701
119 119 4 Worker 174273689
120 120 4 Worker 993866985
121 121 4 Worker 499217420
122 122 4 Worker 401729648
123 123 4 Worker 671235489
124 124 4 Worker 861230641
125 125 4 Worker 134619501
126 126 4 Worker 924163048
127 127 4 Worker 557908069
128 128 4 Worker 944401251
129 129 4 Worker 377182660
130 130 4 Worker 18413901
131 131 4 Worker 465602511
132 132 4 Worker 6988397
133 133 4 Worker 35989386
134 134 4 Worker 129423289
135 135 4 Worker 447011575
136 136 4 Worker 909452993
137 137 4 Worker 238879551
138 138 4 Worker 811738211
139 139 4 Worker 272088283
140 140 4 Worker 720890614
141 141 4 Worker 595644775
142 142 4 Worker 172680936
143 143 4 Worker 206142654
144 144 4 Worker 590362533
145 145 4 Worker 841829448
146 146 4 Worker 728852397
147 147 4 Worker 566647336
148 148 4 Worker 517871814
149 149 4 Worker 242343742
150 150 4 Worker 717330402
151 151 4 Worker 275819793
152 152 4 Worker 254742462
153 153 4 Worker 272237961
154 154 4 Worker 257502012
155 155 4 Worker 566524010
156 156 4 Worker 248592366
157 157 4 Worker 558606879
158 158 4 Worker 794719990
159 159 4 Worker 863309980
160 160 4 Worker 221794770
161 161 4 Worker 732295178
162 162 4 Worker 232558191
163 163 4 Worker 897078003
164 164 4 Worker 719744800
165 165 4 Worker 591154631
166 166 4 Worker 884979522
167 167 4 Worker 246473444
168 168 4 Worker 946983882
169 169 4 Worker 555021473
170 170 4 Worker 345569923
171 171 4 Worker 854343722
172 172 4 Worker 137762577
173 173 4 Worker 913170687
174 174 4 Worker 446628050
175 175 4 Worker 62051570
176 176 4 Worker 188955152
177 177 4 Worker 879125720
178 178 4 Worker 899922129
179 179 4 Worker 603116442
180 180 4 Worker 915089553
181 181 4 Worker 799941451
182 182 4 Worker 664649110
183 183 4 Worker 852439511
184 184 4 Worker 371341549
185 185 4 Worker 494921629
186 186 4 Worker 58567064
187 187 4 Worker 755165430
188 188 4 Worker 251675376
189 189 4 Worker 919183320
190 190 4 Worker 426247508
191 191 4 Worker 108186255
192 192 4 Worker 963323785
193 193 4 Worker 489669337
194 194 4 Worker 414828890
195 195 4 Worker 426301003
196 196 4 Worker 273078184
197 197 4 Worker 418804816
198 198 4 Worker 270575930
199 199 4 Worker 291283560
200 200 4 Worker 994421909
201 201 4 Worker 208502626
202 202 4 Worker 575355128
203 203 4 Worker 116172755
204 204 4 Worker 847279459
205 205 4 Worker 448267898
206 206 4 Worker 246223067
207 207 4 Worker 328957726
208 208 4 Worker 802315868
209 209 4 Worker 27406564
210 210 4 Worker 28440958
211 211 4 Worker 662345359
212 212 4 Worker 673186053
213 213 4 Worker 795030060
214 214 4 Worker 719675274
215 215 4 Worker 207739738
216 216 4 Worker 538524333
217 217 4 Worker 303729014
218 218 4 Worker 375391451
219 219 4 Worker 147855019
220 220 4 Worker 142701960
221 221 4 Worker 658807397
222 222 4 Worker 694651931
223 223 4 Worker 329932885
224 224 4 Worker 180334899
225 225 4 Worker 257448471
226 226 4 Worker 828083208
227 227 4 Worker 75434312
228 228 4 Worker 873439795
229 229 4 Worker 937296564
230 230 4 Worker 743109353
231 231 4 Worker 393681640
232 232 4 Worker 81306523
233 233 4 Worker 243147441
234 234 4 Worker 185489029
235 235 4 Worker 770764238
236 236 4 Worker 509130001
237 237 4 Worker 804670450
238 238 4 Worker 75153364
239 239 4 Worker 243631052
240 240 4 Worker 89272633
241 241 4 Worker 717667784
242 242 4 Worker 124781576
243 243 4 Worker 561607169
244 244 4 Worker 130654942
245 245 4 Worker 441150672
246 246 4 Worker 982967192
247 247 4 Worker 975680040
248 248 4 Worker 271457253
249 249 4 Worker 522475078
250 250 4 Worker 832450687
251 251 4 Worker 208348984
252 252 4 Worker 987205060
253 253 4 Worker 264391843
254 254 4 Worker 423390022
255 255 4 Worker 486664869
