0 0 -1 Splicer 544899841
1 1 0 Worker 900069777
2 2 -1 PersistentDB 356001640
3 3 -1 InMemoryDB 134580203
4 4 -1 WorkManager 351797630
5 5 4 Worker 838213192
6 6 4 Worker 824279909
7 7 4 Worker 917490866
8 8 4 Worker 644294122
9 9 4 Worker 537064697
10 10 4 Worker 172847297
11 11 4 Worker 35155888
12 12 4 Worker 852799729
13 13 4 Worker 551239797
14 14 4 Worker 85228802
15 15 4 Worker 879187070
16 16 4 Worker 204900883
17 17 4 Worker 236898463
18 18 4 Worker 430372107
19 19 4 Worker 47694583
20 20 4 Worker 394390299
21 21 4 Worker 435624743
22 22 4 Worker 901925722
23 23 4 Worker 307830122
24 24 4 Worker 781412065
25 25 4 Worker 150436133
26 26 4 Worker 181478195
27 27 4 Worker 972177088
28 28 4 Worker 181694662
29 29 4 Worker 316120408
30 30 4 Worker 847839841
31 31 4 Worker 541439965
32 32 4 Worker 295857068
33 33 4 Worker 683972241
34 34 4 Worker 776418904
35 35 4 Worker 313733272
36 36 4 Worker 214680906
37 37 4 Worker 531711965
38 38 4 Worker 833925017
39 39 4 Worker 871447125
40 40 4 Worker 526404641
41 41 4 Worker 722759377
42 42 4 Worker 450378072
43 43 4 Worker 766841032
44 44 4 Worker 279953044
45 45 4 Worker 949001816
46 46 4 Worker 9769147
47 47 4 Worker 581520456
48 48 4 Worker 378404068
49 49 4 Worker 760258255
50 50 4 Worker 517479507
51 51 4 Worker 239025858
52 52 4 Worker 8647250
53 53 4 Worker 812064710
54 54 4 Worker 695706423
55 55 4 Worker 913795749
56 56 4 Worker 520087694
57 57 4 Worker 744841402
58 58 4 Worker 898526472
59 59 4 Worker 941109946
60 60 4 Worker 299220494
61 61 4 Worker 35848244
62 62 4 Worker 798072270
63 63 4 Worker 745510777
64 64 4 Worker 982513643
65 65 4 Worker 305879762
66 66 4 Worker 259327232
67 67 4 Worker 3350505
68 68 4 Worker 576365725
69 69 4 Worker 692085680
70 70 4 Worker 580339074
71 71 4 Worker 205106050
72 72 4 Worker 910394831
73 73 4 Worker 718275991
74 74 4 Worker 980664971
75 75 4 Worker 90693447
76 76 4 Worker 934729057
77 77 4 Worker 362155995
78 78 4 Worker 81022164
79 79 4 Worker 490374424
80 80 4 Worker 489872602
81 81 4 Worker 200060355
82 82 4 Worker 47443290
83 83 4 Worker 584696671
84 84 4 Worker 550237941
85 85 4 Worker 30913613
86 86 4 Worker 863756893
87 87 4 Worker 297175674
88 88 4 Worker 637269134
89 89 4 Worker 776000666
90 90 4 Worker 964313423
91 91 4 Worker 847495931
92 92 4 Worker 498772216
93 93 4 Worker 541679957
94 94 4 Worker 767535104
95 95 4 Worker 52622392
96 96 4 Worker 840765115
97 97 4 Worker 249296634
98 98 4 Worker 320428367
99 99 4 Worker 113651078
100 100 4 Worker 71533275
101 101 4 Worker 835058267
102 102 4 Worker 548849577
103 103 4 Worker 313074625
104 104 4 Worker 329712544
105 105 4 Worker 676243427
106 106 4 Worker 96286182
107 107 4 Worker 659801223
108 108 4 Worker 567723285
109 109 4 Worker 36501786
110 110 4 Worker 872332559
111 111 4 Worker 718252717
112 112 4 Worker 450303215
113 113 4 Worker 1118332
114 114 4 Worker 947824383
115 115 4 Worker 813336367
116 116 4 Worker 999665921
117 117 4 Worker 379018053
118 118 4 Worker 946130914
119 119 4 Worker 305643315
120 120 4 Worker 216851812
121 121 4 Worker 66459304
122 122 4 Worker 502185990
123 123 4 Worker 983710343
124 124 4 Worker 366379456
125 125 4 Worker 322387895
126 126 4 Worker 725078190
127 127 4 Worker 434615877
128 128 4 Worker 764224535
129 129 4 Worker 881168028
130 130 4 Worker 114270509
131 131 4 Worker 133966172
132 132 4 Worker 588594026
133 133 4 Worker 427599706
134 134 4 Worker 921663326
135 135 4 Worker 839302652
136 136 4 Worker 120653322
137 137 4 Worker 610648428
138 138 4 Worker 310688732
139 139 4 Worker 322910849
140 140 4 Worker 163972545
141 141 4 Worker 12393891
142 142 4 Worker 834199719
143 143 4 Worker 776919915
144 144 4 Worker 71900029
145 145 4 Worker 521451774
146 146 4 Worker 621127157
147 147 4 Worker 614722233
148 148 4 Worker 670381003
149 149 4 Worker 254003326
150 150 4 Worker 998771433
151 151 4 Worker 272560249
152 152 4 Worker 43608966
153 153 4 Worker 925009348
154 154 4 Worker 299839996
155 155 4 Worker 824611013
156 156 4 Worker 722108875
157 157 4 Worker 948266245
158 158 4 Worker 584007227
159 159 4 Worker 977486002
160 160 4 Worker 928780427
161 161 4 Worker 757881276
162 162 4 Worker 29659403
163 163 4 Worker 459531835
164 164 4 Worker 62632192
165 165 4 Worker 183806392
166 166 4 Worker 511829930
167 167 4 Worker 385595819
168 168 4 Worker 754000752
169 169 4 Worker 393790569
170 170 4 Worker 38066766
171 171 4 Worker 391858023
172 172 4 Worker 719808600
173 173 4 Worker 612067094
174 174 4 Worker 138459329
175 175 4 Worker 431484152
176 176 4 Worker 50466555
177 177 4 Worker 912082796
178 178 4 Worker 555338655
179 179 4 Worker 189968422
180 180 4 Worker 557151842
181 181 4 Worker 904607347
182 182 4 Worker 745648368
183 183 4 Worker 871799287
184 184 4 Worker 441327594
185 185 4 Worker 310105197
186 186 4 Worker 162865278
187 187 4 Worker 105350992
188 188 4 Worker 330043899
189 189 4 Worker 899951815
190 190 4 Worker 272361164
191 191 4 Worker 50983427
192 192 4 Worker 350580919
193 193 4 Worker 327056598
194 194 4 Worker 445506143
195 195 4 Worker 918138420
196 196 4 Worker 5787123
197 197 4 Worker 253576521
198 198 4 Worker 904956207
199 199 4 Worker 949388374
200 200 4 Worker 65351650
201 201 4 Worker 413907641
202 202 4 Worker 668801527
203 203 4 Worker 211993666
204 204 4 Worker 57175874
205 205 4 Worker 174685294
206 206 4 Worker 690020487
207 207 4 Worker 683335490
208 208 4 Worker 403939295
209 209 4 Worker 188977945
210 210 4 Worker 654605561
211 211 4 Worker 7126971
212 212 4 Worker 396604211
213 213 4 Worker 172281996
214 214 4 Worker 39020598
215 215 4 Worker 80262073
216 216 4 Worker 709987934
217 217 4 Worker 317246286
218 218 4 Worker 593202036
219 219 4 Worker 974228285
220 220 4 Worker 787453812
221 221 4 Worker 661314490
222 222 4 Worker 267248610
223 223 4 Worker 613882575
224 224 4 Worker 814919933
225 225 4 Worker 474148869
226 226 4 Worker 405070600
227 227 4 Worker 222298662
228 228 4 Worker 543143737
229 229 4 Worker 573937456
230 230 4 Worker 902993162
231 231 4 Worker 88676784
232 232 4 Worker 744771423
233 233 4 Worker 640028933
234 234 4 Worker 300244312
235 235 4 Worker 973773707
236 236 4 Worker 558105686
237 237 4 Worker 390377775
238 238 4 Worker 212531136
239 239 4 Worker 212737560
240 240 4 Worker 62833486
241 241 4 Worker 797732324
242 242 4 Worker 50241867
243 243 4 Worker 516598150
244 244 4 Worker 345696178
245 245 4 Worker 580037572
246 246 4 Worker 483610958
247 247 4 Worker 57031531
248 248 4 Worker 530284287
249 249 4 Worker 18602399
250 250 4 Worker 86052526
251 251 4 Worker 576526199
252 252 4 Worker 89580285
253 253 4 Worker 123035910
254 254 4 Worker 861706718
255 255 4 Worker 202069816
