0 0 -1 Splicer 241611075
1 1 0 Worker 889686990
2 2 -1 PersistentDB 380617183
3 3 -1 InMemoryDB 980559530
4 4 -1 WorkManager 337233982
5 5 4 Worker 285785200
6 6 4 Worker 703825580
7 7 4 Worker 799162022
8 8 4 Worker 937924971
9 9 4 Worker 55730269
10 10 4 Worker 348852552
11 11 4 Worker 129746582
12 12 4 Worker 572133645
13 13 4 Worker 532658885
14 14 4 Worker 131523690
15 15 4 Worker 461141948
16 16 4 Worker 568269689
17 17 4 Worker 489328094
18 18 4 Worker 615580035
19 19 4 Worker 841395437
20 20 4 Worker 216839371
21 21 4 Worker 761023981
22 22 4 Worker 48901395
23 23 4 Worker 596503536
24 24 4 Worker 304435873
25 25 4 Worker 763941593
26 26 4 Worker 961756814
27 27 4 Worker 726244452
28 28 4 Worker 439888408
29 29 4 Worker 387515400
30 30 4 Worker 591644169
31 31 4 Worker 256425491
32 32 4 Worker 660683748
33 33 4 Worker 297149082
34 34 4 Worker 581989144
35 35 4 Worker 619823178
36 36 4 Worker 420753469
37 37 4 Worker 247769326
38 38 4 Worker 410350113
39 39 4 Worker 576234756
40 40 4 Worker 392380679
41 41 4 Worker 497890486
42 42 4 Worker 168669387
43 43 4 Worker 751713181
44 44 4 Worker 376193136
45 45 4 Worker 538062757
46 46 4 Worker 551600496
47 47 4 Worker 663272070
48 48 4 Worker 775111219
49 49 4 Worker 784165041
50 50 4 Worker 354751244
51 51 4 Worker 98891322
52 52 4 Worker 780057996
53 53 4 Worker 273501169
54 54 4 Worker 322076400
55 55 4 Worker 536846499
56 56 4 Worker 666981350
57 57 4 Worker 576385787
58 58 4 Worker 947118509
59 59 4 Worker 416464477
60 60 4 Worker 484117911
61 61 4 Worker 347115046
62 62 4 Worker 494703643
63 63 4 Worker 131707248
64 64 4 Worker 952420707
65 65 4 Worker 59871935
66 66 4 Worker 717020306
67 67 4 Worker 343404168
68 68 4 Worker 576804314
69 69 4 Worker 629087392
70 70 4 Worker 899994832
71 71 4 Worker 480727609
72 72 4 Worker 319091738
73 73 4 Worker 923721784
74 74 4 Worker 310783865
75 75 4 Worker 127958180
76 76 4 Worker 902110057
77 77 4 Worker 423069735
78 78 4 Worker 421865167
79 79 4 Worker 648822137
80 80 4 Worker 940305880
81 81 4 Worker 753289867
82 82 4 Worker 586680122
83 83 4 Worker 935332633
84 84 4 Worker 995621466
85 85 4 Worker 148496177
86 86 4 Worker 257752894
87 87 4 Worker 438978006
88 88 4 Worker 815303535
89 89 4 Worker 750573935
90 90 4 Worker 849533746
91 91 4 Worker 896900822
92 92 4 Worker 10176679
93 93 4 Worker 691093360
94 94 4 Worker 81100777
95 95 4 Worker 171003514
96 96 4 Worker 705123365
97 97 4 Worker 138388176
98 98 4 Worker 385165469
99 99 4 Worker 760983060
100 100 4 Worker 137334205
101 101 4 Worker 813123512
102 102 4 Worker 768577362
103 103 4 Worker 285966449
104 104 4 Worker 747832916
105 105 4 Worker 75144558
106 106 4 Worker 520093446
107 107 4 Worker 354275734
108 108 4 Worker 914283599
109 109 4 Worker 972537974
110 110 4 Worker 838668149
111 111 4 Worker 483811403
112 112 4 Worker 754341796
113 113 4 Worker 524805445
114 114 4 Worker 699848694
115 115 4 Worker 193708727
116 116 4 Worker 592497561
117 117 4 Worker 94482587
118 118 4 Worker 39594007
119 119 4 Worker 881188519
120 120 4 Worker 40833921
121 121 4 Worker 904537058
122 122 4 Worker 311606081
123 123 4 Worker 646314248
124 124 4 Worker 883009237
125 125 4 Worker 664787691
126 126 4 Worker 865226254
127 127 4 Worker 143169855
128 128 4 Worker 88340163
129 129 4 Worker 151690492
130 130 4 Worker 48749620
131 131 4 Worker 297677764
132 132 4 Worker 307312684
133 133 4 Worker 984524185
134 134 4 Worker 964573828
135 135 4 Worker 389092871
136 136 4 Worker 940782947
137 137 4 Worker 397265947
138 138 4 Worker 721230316
139 139 4 Worker 885734489
140 140 4 Worker 689517571
141 141 4 Worker 140879157
142 142 4 Worker 260871387
143 143 4 Worker 933289363
144 144 4 Worker 281819523
145 145 4 Worker 206955743
146 146 4 Worker 247806387
147 147 4 Worker 182889684
148 148 4 Worker 700268866
149 149 4 Worker 998508213
150 150 4 Worker 344402862
151 151 4 Worker 175060491
152 152 4 Worker 371581016
153 153 4 Worker 380208242
154 154 4 Worker 521598517
155 155 4 Worker 919485621
156 156 4 Worker 780979888
157 157 4 Worker 439814396
158 158 4 Worker 469506167
159 159 4 Worker 950198190
160 160 4 Worker 875465497
161 161 4 Worker 344471862
162 162 4 Worker 659641109
163 163 4 Worker 397356864
164 164 4 Worker 636726672
165 165 4 Worker 661038245
166 166 4 Worker 322061214
167 167 4 Worker 96391082
168 168 4 Worker 164768206
169 169 4 Worker 621042592
170 170 4 Worker 823770707
171 171 4 Worker 399154517
172 172 4 Worker 430168702
173 173 4 Worker 481591543
174 174 4 Worker 412124887
175 175 4 Worker 456206282
176 176 4 Worker 30502054
177 177 4 Worker 312669300
178 178 4 Worker 653424962
179 179 4 Worker 988330165
180 180 4 Worker 175715912
181 181 4 Worker 389864289
182 182 4 Worker 279942609
183 183 4 Worker 180264334
184 184 4 Worker 913235751
185 185 4 Worker 88897517
186 186 4 Worker 217585476
187 187 4 Worker 30827391
188 188 4 Worker 332491241
189 189 4 Worker 655967247
190 190 4 Worker 612539661
191 191 4 Worker 178001055
192 192 4 Worker 169056217
193 193 4 Worker 81210689
194 194 4 Worker 360902072
195 195 4 Worker 911141916
196 196 4 Worker 73304574
197 197 4 Worker 813436794
198 198 4 Worker 264443824
199 199 4 Worker 757861933
200 200 4 Worker 697508352
201 201 4 Worker 507513903
202 202 4 Worker 920217725
203 203 4 Worker 962082221
204 204 4 Worker 226973146
205 205 4 Worker 15545704
206 206 4 Worker 417181575
207 207 4 Worker 605051004
208 208 4 Worker 935064859
209 209 4 Worker 544996267
210 210 4 Worker 909267930
211 211 4 Worker 552997154
212 212 4 Worker 176590885
213 213 4 Worker 883963698
214 214 4 Worker 989968975
215 215 4 Worker 889476611
216 216 4 Worker 132867911
217 217 4 Worker 107573899
218 218 4 Worker 732663701
219 219 4 Worker 913157765
220 220 4 Worker 887021671
221 221 4 Worker 357879643
222 222 4 Worker 41121293
223 223 4 Worker 30845311
224 224 4 Worker 415477455
225 225 4 Worker 167876087
226 226 4 Worker 226693230
227 227 4 Worker 149017149
228 228 4 Worker 397810833
229 229 4 Worker 614945681
230 230 4 Worker 699384357
231 231 4 Worker 161090249
232 232 4 Worker 551545058
233 233 4 Worker 594946620
234 234 4 Worker 161352744
235 235 4 Worker 288859926
236 236 4 Worker 175256308
237 237 4 Worker 985523067
238 238 4 Worker 188500085
239 239 4 Worker 236837820
240 240 4 Worker 528123781
241 241 4 Worker 841203859
242 242 4 Worker 65817427
243 243 4 Worker 432375151
244 244 4 Worker 196171556
245 245 4 Worker 440974948
246 246 4 Worker 282611527
247 247 4 Worker 983863681
248 248 4 Worker 357289850
249 249 4 Worker 107880939
250 250 4 Worker 647871575
251 251 4 Worker 24410028
252 252 4 Worker 983938497
253 253 4 Worker 344785753
254 254 4 Worker 771040534
255 255 4 Worker 281704177
