0 0 -1 Splicer 110652234
1 1 0 Worker 766575605
2 2 -1 PersistentDB 118969818
3 3 -1 InMemoryDB 435089387
4 4 -1 WorkManager 687500209
5 5 4 Worker 561527415
6 6 4 Worker 291826598
7 7 4 Worker 338086740
8 8 4 Worker 935615483
9 9 4 Worker 634153076
10 10 4 Worker 615656110
11 11 4 Worker 200196565
12 12 4 Worker 606261639
13 13 4 Worker 869192132
14 14 4 Worker 803536002
15 15 4 Worker 582091643
16 16 4 Worker 448228466
17 17 4 Worker 914995101
18 18 4 Worker 997371780
19 19 4 Worker 361809925
20 20 4 Worker 837922104
21 21 4 Worker 172986219
22 22 4 Worker 989563592
23 23 4 Worker 461291031
24 24 4 Worker 361642097
25 25 4 Worker 311056985
26 26 4 Worker 811936751
27 27 4 Worker 572825745
28 28 4 Worker 768666798
29 29 4 Worker 649684709
30 30 4 Worker 240878396
31 31 4 Worker 34071073
32 32 4 Worker 984832990
33 33 4 Worker 31386251
34 34 4 Worker 471236638
35 35 4 Worker 845366210
36 36 4 Worker 155816986
37 37 4 Worker 710075192
38 38 4 Worker 678977571
39 39 4 Worker 424970962
40 40 4 Worker 819049470
41 41 4 Worker 320525367
42 42 4 Worker 801866989
43 43 4 Worker 598965312
44 44 4 Worker 812462968
45 45 4 Worker 318534915
46 46 4 Worker 726075226
47 47 4 Worker 808854262
48 48 4 Worker 654912904
49 49 4 Worker 939371883
50 50 4 Worker 321246265
51 51 4 Worker 202236839
52 52 4 Worker 789545519
53 53 4 Worker 574505643
54 54 4 Worker 43203140
55 55 4 Worker 353097134
56 56 4 Worker 533116838
57 57 4 Worker 303267199
58 58 4 Worker 586545341
59 59 4 Worker 416994939
60 60 4 Worker 610675234
61 61 4 Worker 750578660
62 62 4 Worker 377438527
63 63 4 Worker 330799540
64 64 4 Worker 358609178
65 65 4 Worker 520352694
66 66 4 Worker 312831851
67 67 4 Worker 623527741
68 68 4 Worker 749017844
69 69 4 Worker 907193850
70 70 4 Worker 136263319
71 71 4 Worker 839174982
72 72 4 Worker 970180165
73 73 4 Worker 21922519
74 74 4 Worker 133664881
75 75 4 Worker 750745986
76 76 4 Worker 985733573
77 77 4 Worker 361429010
78 78 4 Worker 416302589
79 79 4 Worker 357359377
80 80 4 Worker 5096575
81 81 4 Worker 684086354
82 82 4 Worker 10711171
83 83 4 Worker 446502662
84 84 4 Worker 329563864
85 85 4 Worker 905610166
86 86 4 Worker 714256178
87 87 4 Worker 742459565
88 88 4 Worker 551777997
89 89 4 Worker 791926717
90 90 4 Worker 892799191
91 91 4 Worker 616803189
92 92 4 Worker 724906945
93 93 4 Worker 546780207
94 94 4 Worker 169840690
95 95 4 Worker 693766138
96 96 4 Worker 70333617
97 97 4 Worker 572965599
98 98 4 Worker 779143391
99 99 4 Worker 807089085
100 100 4 Worker 265252553
101 101 4 Worker 17065051
102 102 4 Worker 921581180
103 103 4 Worker 615597142
104 104 4 Worker 942155429
105 105 4 Worker 514632526
106 106 4 Worker 745669928
107 107 4 Worker 281761627
108 108 4 Worker 11296507
109 109 4 Worker 774936389
110 110 4 Worker 609747144
111 111 4 Worker 450795913
112 112 4 Worker 751648087
113 113 4 Worker 836657407
114 114 4 Worker 755836014
115 115 4 Worker 20589650
116 116 4 Worker 673464531
117 117 4 Worker 444932248
118 118 4 Worker 463396126
119 119 4 Worker 900847872
120 120 4 Worker 537302513
121 121 4 Worker 467303776
122 122 4 Worker 318626609
123 123 4 Worker 539939236
124 124 4 Worker 923327640
125 125 4 Worker 33526321
126 126 4 Worker 980553274
127 127 4 Worker 128734092
128 128 4 Worker 838974034
129 129 4 Worker 128677187
130 130 4 Worker 279617257
131 131 4 Worker 688133559
132 132 4 Worker 978143362
133 133 4 Worker 60974226
134 134 4 Worker 801854925
135 135 4 Worker 270194999
136 136 4 Worker 253163426
137 137 4 Worker 428885608
138 138 4 Worker 137821649
139 139 4 Worker 308213504
140 140 4 Worker 934885351
141 141 4 Worker 985603855
142 142 4 Worker 296567600
143 143 4 Worker 448272818
144 144 4 Worker 982148285
145 145 4 Worker 906279561
146 146 4 Worker 71459151
147 147 4 Worker 880885337
148 148 4 Worker 4727992
149 149 4 Worker 621199406
150 150 4 Worker 414814825
151 151 4 Worker 996347312
152 152 4 Worker 910226534
153 153 4 Worker 288280544
154 154 4 Worker 892762884
155 155 4 Worker 211629656
156 156 4 Worker 413508239
157 157 4 Worker 236957931
158 158 4 Worker 380553835
159 159 4 Worker 926725323
160 160 4 Worker 879849020
161 161 4 Worker 642266896
162 162 4 Worker 52277106
163 163 4 Worker 969032111
164 164 4 Worker 600432800
165 165 4 Worker 223536377
166 166 4 Worker 294362101
167 167 4 Worker 164997669
168 168 4 Worker 965150389
169 169 4 Worker 953507795
170 170 4 Worker 814243888
171 171 4 Worker 88425856
172 172 4 Worker 871194725
173 173 4 Worker 137011129
174 174 4 Worker 911491202
175 175 4 Worker 208207184
176 176 4 Worker 869575105
177 177 4 Worker 726927775
178 178 4 Worker 13379987
179 179 4 Worker 305968828
180 180 4 Worker 987313681
181 181 4 Worker 407789967
182 182 4 Worker 255817258
183 183 4 Worker 934064171
184 184 4 Worker 217678998
185 185 4 Worker 249217323
186 186 4 Worker 18629203
187 187 4 Worker 749952322
188 188 4 Worker 82344803
189 189 4 Worker 31475575
190 190 4 Worker 69812605
191 191 4 Worker 644041432
192 192 4 Worker 133301421
193 193 4 Worker 560569189
194 194 4 Worker 598330741
195 195 4 Worker 853360125
196 196 4 Worker 89214521
197 197 4 Worker 213899325
198 198 4 Worker 694470106
199 199 4 Worker 102791285
200 200 4 Worker 560923609
201 201 4 Worker 228944412
202 202 4 Worker 703948691
203 203 4 Worker 622427059
204 204 4 Worker 127015528
205 205 4 Worker 987431357
206 206 4 Worker 952275070
207 207 4 Worker 675957218
208 208 4 Worker 620992480
209 209 4 Worker 147407041
210 210 4 Worker 293816211
211 211 4 Worker 834311234
212 212 4 Worker 902608401
213 213 4 Worker 214012095
214 214 4 Worker 41141010
215 215 4 Worker 259953521
216 216 4 Worker 365460078
217 217 4 Worker 223818328
218 218 4 Worker 6603281
219 219 4 Worker 548504390
220 220 4 Worker 497972802
221 221 4 Worker 653658918
222 222 4 Worker 57594534
223 223 4 Worker 493753377
224 224 4 Worker 155857601
225 225 4 Worker 33607678
226 226 4 Worker 856692901
227 227 4 Worker 161938842
228 228 4 Worker 969793174
229 229 4 Worker 476086340
230 230 4 Worker 701450518
231 231 4 Worker 131656645
232 232 4 Worker 761395382
233 233 4 Worker 794269472
234 234 4 Worker 490765542
235 235 4 Worker 917379945
236 236 4 Worker 156249444
237 237 4 Worker 795785479
238 238 4 Worker 101022953
239 239 4 Worker 196381601
240 240 4 Worker 197572670
241 241 4 Worker 360814903
242 242 4 Worker 524675186
243 243 4 Worker 771617952
244 244 4 Worker 576214527
245 245 4 Worker 85429127
246 246 4 Worker 329704979
247 247 4 Worker 289335835
248 248 4 Worker 350844101
249 249 4 Worker 778331276
250 250 4 Worker 12635395
251 251 4 Worker 235189602
252 252 4 Worker 889722341
253 253 4 Worker 130232390
254 254 4 Worker 560916384
255 255 4 Worker 832978774
