0 0 -1 Splicer 959668930
1 1 0 Worker 941990447
2 2 -1 PersistentDB 394428602
3 3 -1 InMemoryDB 735164043
4 4 -1 WorkManager 711812326
5 5 4 Worker 980316715
6 6 4 Worker 78584815
7 7 4 Worker 333592936
8 8 4 Worker 521531502
9 9 4 Worker 175636425
10 10 4 Worker 485477551
11 11 4 Worker 373606370
12 12 4 Worker 77417372
13 13 4 Worker 106631898
14 14 4 Worker 378516438
15 15 4 Worker 87095564
16 16 4 Worker 226494212
17 17 4 Worker 113842891
18 18 4 Worker 947754606
19 19 4 Worker 49230994
20 20 4 Worker 876217984
21 21 4 Worker 659271082
22 22 4 Worker 875169499
23 23 4 Worker 394339140
24 24 4 Worker 655307330
25 25 4 Worker 994713479
26 26 4 Worker 501268276
27 27 4 Worker 586869782
28 28 4 Worker 531183501
29 29 4 Worker 753315796
30 30 4 Worker 502970790
31 31 4 Worker 301978335
32 32 4 Worker 100728771
33 33 4 Worker 641140349
34 34 4 Worker 401307076
35 35 4 Worker 495470839
36 36 4 Worker 453230977
37 37 4 Worker 72196806
38 38 4 Worker 220128192
39 39 4 Worker 106313708
40 40 4 Worker 772148774
41 41 4 Worker 848219581
42 42 4 Worker 656122117
43 43 4 Worker 291955133
44 44 4 Worker 955748721
45 45 4 Worker 737825131
46 46 4 Worker 828099487
47 47 4 Worker 378534789
48 48 4 Worker 633901738
49 49 4 Worker 758653599
50 50 4 Worker 657636824
51 51 4 Worker 859386031
52 52 4 Worker 616401445
53 53 4 Worker 264248353
54 54 4 Worker 970185435
55 55 4 Worker 517569235
56 56 4 Worker 585137758
57 57 4 Worker 182265449
58 58 4 Worker 261696830
59 59 4 Worker 584268611
60 60 4 Worker 924279496
61 61 4 Worker 546487050
62 62 4 Worker 583450763
63 63 4 Worker 360431844
64 64 4 Worker 626518550
65 65 4 Worker 567310818
66 66 4 Worker 282774412
67 67 4 Worker 214468643
68 68 4 Worker 849626999
69 69 4 Worker 493125978
70 70 4 Worker 823508619
71 71 4 Worker 608237496
72 72 4 Worker 569648247
73 73 4 Worker 980090726
74 74 4 Worker 692382850
75 75 4 Worker 633829439
76 76 4 Worker 147846739
77 77 4 Worker 429525989
78 78 4 Worker 778616965
79 79 4 Worker 177166281
80 80 4 Worker 936309023
81 81 4 Worker 936124543
82 82 4 Worker 872269330
83 83 4 Worker 893082740
84 84 4 Worker 246620027
85 85 4 Worker 700435297
86 86 4 Worker 926191659
87 87 4 Worker 327658392
88 88 4 Worker 214917088
89 89 4 Worker 23222677
90 90 4 Worker 409931656
91 91 4 Worker 664231307
92 92 4 Worker 725579730
93 93 4 Worker 312161978
94 94 4 Worker 19690035
95 95 4 Worker 925425556
96 96 4 Worker 685750406
97 97 4 Worker 34378950
98 98 4 Worker 123676667
99 99 4 Worker 80544992
100 100 4 Worker 786257811
101 101 4 Worker 601719548
102 102 4 Worker 762158126
103 103 4 Worker 592645928
104 104 4 Worker 968365500
105 105 4 Worker 835756736
106 106 4 Worker 979383809
107 107 4 Worker 796688715
108 108 4 Worker 258278330
109 109 4 Worker 109193546
110 110 4 Worker 812083343
111 111 4 Worker 594368365
112 112 4 Worker 768705260
113 113 4 Worker 124108638
114 114 4 Worker 841522920
115 115 4 Worker 464220436
116 116 4 Worker 186929046
117 117 4 Worker 219545593
118 118 4 Worker 972816786
119 119 4 Worker 226908873
120 120 4 Worker 574771458
121 121 4 Worker 222936158
122 122 4 Worker 740934444
123 123 4 Worker 612017844
124 124 4 Worker 950208272
125 125 4 Worker 450532888
126 126 4 Worker 50724585
127 127 4 Worker 444834130
128 128 4 Worker 468500690
129 129 4 Worker 401659708
130 130 4 Worker 555161095
131 131 4 Worker 256911857
132 132 4 Worker 501545679
133 133 4 Worker 444388099
134 134 4 Worker 563221436
135 135 4 Worker 914615526
136 136 4 Worker 383884238
137 137 4 Worker 693678529
138 138 4 Worker 425642593
139 139 4 Worker 336587107
140 140 4 Worker 595423592
141 141 4 Worker 715532404
142 142 4 Worker 395789838
143 143 4 Worker 699976425
144 144 4 Worker 297631139
145 145 4 Worker 565236680
146 146 4 Worker 11994007
147 147 4 Worker 419840851
148 148 4 Worker 963253509
149 149 4 Worker 43187333
150 150 4 Worker 261102168
151 151 4 Worker 982185091
152 152 4 Worker 884761787
153 153 4 Worker 743518884
154 154 4 Worker 161127104
155 155 4 Worker 987217377
156 156 4 Worker 5632796
157 157 4 Worker 45896071
158 158 4 Worker 306299213
159 159 4 Worker 511936982
160 160 4 Worker 704754863
161 161 4 Worker 583363441
162 162 4 Worker 123156203
163 163 4 Worker 527476802
164 164 4 Worker 421828285
165 165 4 Worker 783943336
166 166 4 Worker 165019353
167 167 4 Worker 38409021
168 168 4 Worker 724527667
169 169 4 Worker 401358167
170 170 4 Worker 710228634
171 171 4 Worker 891496301
172 172 4 Worker 189998359
173 173 4 Worker 911195533
174 174 4 Worker 523412493
175 175 4 Worker 298561697
176 176 4 Worker 392487394
177 177 4 Worker 704257745
178 178 4 Worker 882982746
179 179 4 Worker 268000670
180 180 4 Worker 99203724
181 181 4 Worker 251229677
182 182 4 Worker 194086737
183 183 4 Worker 521121575
184 184 4 Worker 894027144
185 185 4 Worker 461603361
186 186 4 Worker 151928670
187 187 4 Worker 769058413
188 188 4 Worker 615121356
189 189 4 Worker 915580151
190 190 4 Worker 796607985
191 191 4 Worker 453874800
192 192 4 Worker 877496826
193 193 4 Worker 394318727
194 194 4 Worker 33157984
195 195 4 Worker 717164723
196 196 4 Worker 420913815
197 197 4 Worker 391103587
198 198 4 Worker 518240309
199 199 4 Worker 291485546
200 200 4 Worker 503619543
201 201 4 Worker 301264
202 202 4 Worker 590588308
203 203 4 Worker 92592650
204 204 4 Worker 936434268
205 205 4 Worker 2686531
206 206 4 Worker 666871893
207 207 4 Worker 317804387
208 208 4 Worker 56096123
209 209 4 Worker 247310241
210 210 4 Worker 146028358
211 211 4 Worker 10382641
212 212 4 Worker 69379360
213 213 4 Worker 282665268
214 214 4 Worker 423302881
215 215 4 Worker 514909617
216 216 4 Worker 920853012
217 217 4 Worker 206528585
218 218 4 Worker 268409134
219 219 4 Worker 542679024
220 220 4 Worker 324739243
221 221 4 Worker 630123461
222 222 4 Worker 106629415
223 223 4 Worker 574416762
224 224 4 Worker 412347348
225 225 4 Worker 835661675
226 226 4 Worker 691840737
227 227 4 Worker 225615017
228 228 4 Worker 347697756
229 229 4 Worker 569339248
230 230 4 Worker 691453167
231 231 4 Worker 157434088
232 232 4 Worker 714148022
233 233 4 Worker 823186912
234 234 4 Worker 870595739
235 235 4 Worker 81097680
236 236 4 Worker 151021310
237 237 4 Worker 160503116
238 238 4 Worker 856751397
239 239 4 Worker 87497546
240 240 4 Worker 172444803
241 241 4 Worker 377496734
242 242 4 Worker 221104986
243 243 4 Worker 517781360
244 244 4 Worker 252363746
245 245 4 Worker 527244307
246 246 4 Worker 968141550
247 247 4 Worker 474762579
248 248 4 Worker 371067836
249 249 4 Worker 86946744
250 250 4 Worker 52877104
251 251 4 Worker 296656022
252 252 4 Worker 161353271
253 253 4 Worker 217855029
254 254 4 Worker 290575569
255 255 4 Worker 349756685
