0 0 -1 Splicer 374500086
1 1 0 Worker 944768946
2 2 -1 PersistentDB 623406882
3 3 -1 InMemoryDB 443825699
4 4 -1 WorkManager 823082500
5 5 4 Worker 613482960
6 6 4 Worker 477301746
7 7 4 Worker 689124513
8 8 4 Worker 359171620
9 9 4 Worker 443219689
10 10 4 Worker 233179873
11 11 4 Worker 642761995
12 12 4 Worker 778010835
13 13 4 Worker 545071175
14 14 4 Worker 65103613
15 15 4 Worker 546428487
16 16 4 Worker 923992845
17 17 4 Worker 53519594
18 18 4 Worker 987911651
19 19 4 Worker 832529665
20 20 4 Worker 78579840
21 21 4 Worker 787454543
22 22 4 Worker 306854748
23 23 4 Worker 758657556
24 24 4 Worker 364590449
25 25 4 Worker 663886624
26 26 4 Worker 337989227
27 27 4 Worker 165049137
28 28 4 Worker 555579075
29 29 4 Worker 745557652
30 30 4 Worker 684731765
31 31 4 Worker 366841257
32 32 4 Worker 104048459
33 33 4 Worker 100078702
34 34 4 Worker 475685912
35 35 4 Worker 48427235
36 36 4 Worker 207035580
37 37 4 Worker 816246868
38 38 4 Worker 299074256
39 39 4 Worker 351073710
40 40 4 Worker 550777628
41 41 4 Worker 129346091
42 42 4 Worker 734722563
43 43 4 Worker 22860162
44 44 4 Worker 242944821
45 45 4 Worker 219883750
46 46 4 Worker 976840943
47 47 4 Worker 487068592
48 48 4 Worker 524279180
49 49 4 Worker 635328167
50 50 4 Worker 100343894
51 51 4 Worker 926075183
52 52 4 Worker 248319810
53 53 4 Worker 23581733
54 54 4 Worker 315711638
55 55 4 Worker 425771404
56 56 4 Worker 471015042
57 57 4 Worker 329465896
58 58 4 Worker 215086543
59 59 4 Worker 580698690
60 60 4 Worker 871156331
61 61 4 Worker 42245227
62 62 4 Worker 155144818
63 63 4 Worker 522449841
64 64 4 Worker 202274486
65 65 4 Worker 663245831
66 66 4 Worker 350907367
67 67 4 Worker 581972015
68 68 4 Worker 13165282
69 69 4 Worker 313609904
70 70 4 Worker 504043804
71 71 4 Worker 426789352
72 72 4 Worker 881362450
73 73 4 Worker 647851888
74 74 4 Worker 335298890
75 75 4 Worker 993306981
76 76 4 Worker 407044336
77 77 4 Worker 471052453
78 78 4 Worker 870934724
79 79 4 Worker 709677451
80 80 4 Worker 236017026
81 81 4 Worker 381631533
82 82 4 Worker 63575185
83 83 4 Worker 873795854
84 84 4 Worker 743673789
85 85 4 Worker 995201802
86 86 4 Worker 907193850
87 87 4 Worker 207934922
88 88 4 Worker 591583599
89 89 4 Worker 39105901
90 90 4 Worker 166713396
91 91 4 Worker 576812641
92 92 4 Worker 130348056
93 93 4 Worker 228641369
94 94 4 Worker 748384980
95 95 4 Worker 463288028
96 96 4 Worker 499016064
97 97 4 Worker 163056068
98 98 4 Worker 207871975
99 99 4 Worker 348347893
100 100 4 Worker 626470264
101 101 4 Worker 84211198
102 102 4 Worker 445930783
103 103 4 Worker 87034164
104 104 4 Worker 661126006
105 105 4 Worker 952163775
106 106 4 Worker 60740969
107 107 4 Worker 837780371
108 108 4 Worker 466238498
109 109 4 Worker 78289225
110 110 4 Worker 259026451
111 111 4 Worker 648400685
112 112 4 Worker 514314833
113 113 4 Worker 204866099
114 114 4 Worker 928162454
115 115 4 Worker 587707107
116 116 4 Worker 907961079
117 117 4 Worker 418815155
118 118 4 Worker 259848310
119 119 4 Worker 795457344
120 120 4 Worker 978683817
121 121 4 Worker 935752993
122 122 4 Worker 952823827
123 123 4 Worker 736593947
124 124 4 Worker 587061434
125 125 4 Worker 593773146
126 126 4 Worker 999362471
127 127 4 Worker 528652594
128 128 4 Worker 446161198
129 129 4 Worker 800409214
130 130 4 Worker 611306811
131 131 4 Worker 706417562
132 132 4 Worker 656247431
133 133 4 Worker 639270760
134 134 4 Worker 295010284
135 135 4 Worker 730211085
136 136 4 Worker 403334999
137 137 4 Worker 569012373
138 138 4 Worker 942670440
139 139 4 Worker 132675837
140 140 4 Worker 720000297
141 141 4 Worker 685850349
142 142 4 Worker 896613329
143 143 4 Worker 576783044
144 144 4 Worker 466373254
145 145 4 Worker 94145521
146 146 4 Worker 979781367
147 147 4 Worker 801629703
148 148 4 Worker 893328440
149 149 4 Worker 1579688
150 150 4 Worker 425843791
151 151 4 Worker 514915515
152 152 4 Worker 661575022
153 153 4 Worker 213083528
154 154 4 Worker 925846425
155 155 4 Worker 641452432
156 156 4 Worker 960618883
157 157 4 Worker 577868270
158 158 4 Worker 281992016
159 159 4 Worker 567609883
160 160 4 Worker 515697772
161 161 4 Worker 101469247
162 162 4 Worker 752822265
163 163 4 Worker 676150046
164 164 4 Worker 682413891
165 165 4 Worker 70334582
166 166 4 Worker 357626586
167 167 4 Worker 673931900
168 168 4 Worker 429230009
169 169 4 Worker 658810452
170 170 4 Worker 677489338
171 171 4 Worker 960098835
172 172 4 Worker 903695262
173 173 4 Worker 377147090
174 174 4 Worker 188199116
175 175 4 Worker 191661205
176 176 4 Worker 636336589
177 177 4 Worker 802752552
178 178 4 Worker 279004455
179 179 4 Worker 699750919
180 180 4 Worker 757734213
181 181 4 Worker 198631256
182 182 4 Worker 357466882
183 183 4 Worker 428235802
184 184 4 Worker 911197365
185 185 4 Worker 896377187
186 186 4 Worker 136211805
187 187 4 Worker 264655339
188 188 4 Worker 803421620
189 189 4 Worker 286108007
190 190 4 Worker 902446172
191 191 4 Worker 423425108
192 192 4 Worker 87911355
193 193 4 Worker 759119012
194 194 4 Worker 657813039
195 195 4 Worker 620305561
196 196 4 Worker 267896757
197 197 4 Worker 658414053
198 198 4 Worker 592925399
199 199 4 Worker 221637012
200 200 4 Worker 440840919
201 201 4 Worker 119359934
202 202 4 Worker 387375941
203 203 4 Worker 360368257
204 204 4 Worker 77895117
205 205 4 Worker 883105845
206 206 4 Worker 878657531
207 207 4 Worker 496324547
208 208 4 Worker 728675301
209 209 4 Worker 36198971
210 210 4 Worker 134637096
211 211 4 Worker 38342238
212 212 4 Worker 558081160
213 213 4 Worker 966561571
214 214 4 Worker 646977454
215 215 4 Worker 112007127
216 216 4 Worker 798761442
217 217 4 Worker 771125870
218 218 4 Worker 908061259
219 219 4 Worker 788567749
220 220 4 Worker 653938153
221 221 4 Worker 989319065
222 222 4 Worker 511577489
223 223 4 Worker 352952022
224 224 4 Worker 889246109
225 225 4 Worker 582881588
226 226 4 Worker 334249740
227 227 4 Worker 9705074
228 228 4 Worker 374605263
229 229 4 Worker 169188549
230 230 4 Worker 505139145
231 231 4 Worker 315316469
232 232 4 Worker 31907202
233 233 4 Worker 513599685
234 234 4 Worker 286704019
235 235 4 Worker 53887443
236 236 4 Worker 227651958
237 237 4 Worker 252884671
238 238 4 Worker 341148414
239 239 4 Worker 655762265
240 240 4 Worker 466630839
241 241 4 Worker 421712170
242 242 4 Worker 734030612
243 243 4 Worker 677979534
244 244 4 Worker 868577567
245 245 4 Worker 490019166
246 246 4 Worker 974928115
247 247 4 Worker 262800841
248 248 4 Worker 252478377
249 249 4 Worker 572249327
250 250 4 Worker 627066310
251 251 4 Worker 563257076
252 252 4 Worker 174373937
253 253 4 Worker 25968715
254 254 4 Worker 170262064
255 255 4 Worker 349917943
