0 0 -1 Splicer 996989961
1 1 0 Worker 772878958
2 2 -1 PersistentDB 3745211
3 3 -1 InMemoryDB 130940516
4 4 -1 WorkManager 875005524
5 5 4 Worker 988555303
6 6 4 Worker 490892013
7 7 4 Worker 266230584
8 8 4 Worker 47633028
9 9 4 Worker 369736322
10 10 4 Worker 985553197
11 11 4 Worker 321730114
12 12 4 Worker 187694892
13 13 4 Worker 587437231
14 14 4 Worker 644786489
15 15 4 Worker 166290869
16 16 4 Worker 425698482
17 17 4 Worker 799974704
18 18 4 Worker 235096715
19 19 4 Worker 853453137
20 20 4 Worker 687967416
21 21 4 Worker 897631332
22 22 4 Worker 719002389
23 23 4 Worker 878549790
24 24 4 Worker 678950519
25 25 4 Worker 836939547
26 26 4 Worker 904260969
27 27 4 Worker 157150761
28 28 4 Worker 113693002
29 29 4 Worker 947317684
30 30 4 Worker 300667079
31 31 4 Worker 456269915
32 32 4 Worker 937329584
33 33 4 Worker 364661147
34 34 4 Worker 993394600
35 35 4 Worker 70026092
36 36 4 Worker 648493178
37 37 4 Worker 528666
38 38 4 Worker 791583268
39 39 4 Worker 763516713
40 40 4 Worker 424576793
41 41 4 Worker 757894668
42 42 4 Worker 21801800
43 43 4 Worker 534656032
44 44 4 Worker 767181888
45 45 4 Worker 945000457
46 46 4 Worker 148547437
47 47 4 Worker 741573092
48 48 4 Worker 176078154
49 49 4 Worker 345382524
50 50 4 Worker 10700423
51 51 4 Worker 235091927
52 52 4 Worker 482120013
53 53 4 Worker 190491638
54 54 4 Worker 719240280
55 55 4 Worker 638575256
56 56 4 Worker 331409374
57 57 4 Worker 166241491
58 58 4 Worker 228546942
59 59 4 Worker 70336686
60 60 4 Worker 696145511
61 61 4 Worker 112909379
62 62 4 Worker 266400301
63 63 4 Worker 435431233
64 64 4 Worker 689053160
65 65 4 Worker 339311954
66 66 4 Worker 61170130
67 67 4 Worker 271897730
68 68 4 Worker 341922601
69 69 4 Worker 855261845
70 70 4 Worker 890379888
71 71 4 Worker 902668281
72 72 4 Worker 177300911
73 73 4 Worker 487765764
74 74 4 Worker 64588783
75 75 4 Worker 849094756
76 76 4 Worker 122265837
77 77 4 Worker 437164420
78 78 4 Worker 316259507
79 79 4 Worker 185860423
80 80 4 Worker 594967845
81 81 4 Worker 184566040
82 82 4 Worker 930702267
83 83 4 Worker 535148545
84 84 4 Worker 447020200
85 85 4 Worker 424002615
86 86 4 Worker 628316965
87 87 4 Worker 524710041
88 88 4 Worker 611082085
89 89 4 Worker 869240780
90 90 4 Worker 562590048
91 91 4 Worker 712664146
92 92 4 Worker 250032312
93 93 4 Worker 85240332
94 94 4 Worker 569658888
95 95 4 Worker 929334542
96 96 4 Worker 747409188
97 97 4 Worker 282675307
98 98 4 Worker 355375165
99 99 4 Worker 20505392
100 100 4 Worker 315861587
101 101 4 Worker 334479733
102 102 4 Worker 795849183
103 103 4 Worker 932891482
104 104 4 Worker 622038645
105 105 4 Worker 158280115
106 106 4 Worker 837254452
107 107 4 Worker 24258830
108 108 4 Worker 873012544
109 109 4 Worker 469354277
110 110 4 Worker 901730114
111 111 4 Worker 120051510
112 112 4 Worker 712059689
113 113 4 Worker 160320886
114 114 4 Worker 185203900
115 115 4 Worker 165513396
116 116 4 Worker 652613904
117 117 4 Worker 234896691
118 118 4 Worker 324662772
119 119 4 Worker 303065650
120 120 4 Worker 899029558
121 121 4 Worker 460608948
122 122 4 Worker 597160188
123 123 4 Worker 792306319
124 124 4 Worker 850815161
125 125 4 Worker 290343087
126 126 4 Worker 940199080
127 127 4 Worker 382085289
128 128 4 Worker 405887526
129 129 4 Worker 630291895
130 130 4 Worker 311245809
131 131 4 Worker 864500048
132 132 4 Worker 787220629
133 133 4 Worker 247476263
134 134 4 Worker 852718858
135 135 4 Worker 671354614
136 136 4 Worker 529595741
137 137 4 Worker 911786689
138 138 4 Worker 459641852
139 139 4 Worker 35530026
140 140 4 Worker 804924150
141 141 4 Worker 690376789
142 142 4 Worker 417939652
143 143 4 Worker 352171711
144 144 4 Worker 120607964
145 145 4 Worker 826374784
146 146 4 Worker 371243932
147 147 4 Worker 696588242
148 148 4 Worker 905969111
149 149 4 Worker 622148725
150 150 4 Worker 32175536
151 151 4 Worker 506753426
152 152 4 Worker 361366140
153 153 4 Worker 933408458
154 154 4 Worker 112870661
155 155 4 Worker 794006854
156 156 4 Worker 158148529
157 157 4 Worker 467179931
158 158 4 Worker 599872910
159 159 4 Worker 286866678
160 160 4 Worker 260729212
161 161 4 Worker 112577055
162 162 4 Worker 28401451
163 163 4 Worker 677048114
164 164 4 Worker 317724965
165 165 4 Worker 797030254
166 166 4 Worker 611826713
167 167 4 Worker 508385117
168 168 4 Worker 511714159
169 169 4 Worker 204310483
170 170 4 Worker 912122394
171 171 4 Worker 43042190
172 172 4 Worker 80683573
173 173 4 Worker 283262763
174 174 4 Worker 341315295
175 175 4 Worker 547669154
176 176 4 Worker 732139243
177 177 4 Worker 141791773
178 178 4 Worker 729118346
179 179 4 Worker 909648659
180 180 4 Worker 772777776
181 181 4 Worker 965994347
182 182 4 Worker 380658666
183 183 4 Worker 958717732
184 184 4 Worker 902274048
185 185 4 Worker 625716803
186 186 4 Worker 40870175
187 187 4 Worker 516863450
188 188 4 Worker 791391889
189 189 4 Worker 359709897
190 190 4 Worker 145146028
191 191 4 Worker 251580295
192 192 4 Worker 539157144
193 193 4 Worker 318391091
194 194 4 Worker 788795074
195 195 4 Worker 253561659
196 196 4 Worker 367560276
197 197 4 Worker 613848810
198 198 4 Worker 502305980
199 199 4 Worker 954477114
200 200 4 Worker 74258048
201 201 4 Worker 815284101
202 202 4 Worker 868591536
203 203 4 Worker 161585445
204 204 4 Worker 173162670
205 205 4 Worker 495405909
206 206 4 Worker 101637071
207 207 4 Worker 558802800
208 208 4 Worker 622912882
209 209 4 Worker 81506622
210 210 4 Worker 99701272
211 211 4 Worker 20035145
212 212 4 Worker 899583532
213 213 4 Worker 618716004
214 214 4 Worker 80397841
215 215 4 Worker 408105967
216 216 4 Worker 856074012
217 217 4 Worker 971012558
218 218 4 Worker 804598603
219 219 4 Worker 322601218
220 220 4 Worker 256163449
221 221 4 Worker 777772940
222 222 4 Worker 409339188
223 223 4 Worker 992585948
224 224 4 Worker 511019190
225 225 4 Worker 4797629
226 226 4 Worker 36556316
227 227 4 Worker 794099281
228 228 4 Worker 872772814
229 229 4 Worker 572710345
230 230 4 Worker 611071886
231 231 4 Worker 852990559
232 232 4 Worker 247812476
233 233 4 Worker 199448412
234 234 4 Worker 423219837
235 235 4 Worker 918886365
236 236 4 Worker 796497062
237 237 4 Worker 50831482
238 238 4 Worker 66109347
239 239 4 Worker 443099505
240 240 4 Worker 150351050
241 241 4 Worker 943856707
242 242 4 Worker 713527593
243 243 4 Worker 947909247
244 244 4 Worker 818256663
245 245 4 Worker 389834877
246 246 4 Worker 721203757
247 247 4 Worker 235504033
248 248 4 Worker 78658707
249 249 4 Worker 772288929
250 250 4 Worker 579447643
251 251 4 Worker 896472467
252 252 4 Worker 806673937
253 253 4 Worker 288871963
254 254 4 Worker 726948289
255 255 4 Worker 844419893
