0 0 -1 Splicer 501335107
1 1 0 Worker 886457383
2 2 -1 PersistentDB 491427384
3 3 -1 InMemoryDB 202001017
4 4 -1 WorkManager 709434096
5 5 4 Worker 417612435
6 6 4 Worker 41328270
7 7 4 Worker 652901737
8 8 4 Worker 899678595
9 9 4 Worker 829519119
10 10 4 Worker 465560755
11 11 4 Worker 610968468
12 12 4 Worker 405074752
13 13 4 Worker 452841807
14 14 4 Worker 652564140
15 15 4 Worker 533325806
16 16 4 Worker 497704633
17 17 4 Worker 186941097
18 18 4 Worker 337633523
19 19 4 Worker 153220184
20 20 4 Worker 758226767
21 21 4 Worker 8654281
22 22 4 Worker 263819003
23 23 4 Worker 336983021
24 24 4 Worker 853133187
25 25 4 Worker 594093408
26 26 4 Worker 454019253
27 27 4 Worker 883715183
28 28 4 Worker 176606157
29 29 4 Worker 940744491
30 30 4 Worker 901130978
31 31 4 Worker 566076683
32 32 4 Worker 291787298
33 33 4 Worker 813088995
34 34 4 Worker 814152446
35 35 4 Worker 141064715
36 36 4 Worker 998604586
37 37 4 Worker 515627435
38 38 4 Worker 763643383
39 39 4 Worker 600957322
40 40 4 Worker 241607559
41 41 4 Worker 98002407
42 42 4 Worker 845569682
43 43 4 Worker 635774641
44 44 4 Worker 356315554
45 45 4 Worker 926889854
46 46 4 Worker 767407579
47 47 4 Worker 589250099
48 48 4 Worker 772503948
49 49 4 Worker 780765178
50 50 4 Worker 160530757
51 51 4 Worker 461746800
52 52 4 Worker 685388783
53 53 4 Worker 922911666
54 54 4 Worker 837038135
55 55 4 Worker 463878420
56 56 4 Worker 71073528
57 57 4 Worker 291444094
58 58 4 Worker 194876208
59 59 4 Worker 734079373
60 60 4 Worker 919455887
61 61 4 Worker 931048905
62 62 4 Worker 688987612
63 63 4 Worker 146507498
64 64 4 Worker 288138370
65 65 4 Worker 382101660
66 66 4 Worker 710795441
67 67 4 Worker 157661314
68 68 4 Worker 583343374
69 69 4 Worker 102358613
70 70 4 Worker 604995325
71 71 4 Worker 869525236
72 72 4 Worker 618726533
73 73 4 Worker 343592022
74 74 4 Worker 865340068
75 75 4 Worker 834114180
76 76 4 Worker 317949353
77 77 4 Worker 575429075
78 78 4 Worker 785861971
79 79 4 Worker 536642868
80 80 4 Worker 123445565
81 81 4 Worker 32337879
82 82 4 Worker 384934671
83 83 4 Worker 3335833
84 84 4 Worker 90761912
85 85 4 Worker 448552949
86 86 4 Worker 811840721
87 87 4 Worker 846459526
88 88 4 Worker 965703715
89 89 4 Worker 370498300
90 90 4 Worker 237782626
91 91 4 Worker 139628560
92 92 4 Worker 297527898
93 93 4 Worker 871249622
94 94 4 Worker 121619393
95 95 4 Worker 799727690
96 96 4 Worker 710740632
97 97 4 Worker 722320699
98 98 4 Worker 582897965
99 99 4 Worker 636182360
100 100 4 Worker 387218774
101 101 4 Worker 109318685
102 102 4 Worker 244904003
103 103 4 Worker 943332974
104 104 4 Worker 206213124
105 105 4 Worker 950956995
106 106 4 Worker 980451031
107 107 4 Worker 922991504
108 108 4 Worker 448917505
109 109 4 Worker 122550878
110 110 4 Worker 940530771
111 111 4 Worker 626793457
112 112 4 Worker 689948652
113 113 4 Worker 871800630
114 114 4 Worker 119072031
115 115 4 Worker 674071291
116 116 4 Worker 699490705
117 117 4 Worker 131060436
118 118 4 Worker 407764122
119 119 4 Worker 609931681
120 120 4 Worker 655390489
121 121 4 Worker 54049856
122 122 4 Worker 282937209
123 123 4 Worker 602262351
124 124 4 Worker 577979701
125 125 4 Worker 548903961
126 126 4 Worker 135459930
127 127 4 Worker 443367405
128 128 4 Worker 572858780
129 129 4 Worker 515816046
130 130 4 Worker 564661460
131 131 4 Worker 568607767
132 132 4 Worker 430460058
133 133 4 Worker 612534599
134 134 4 Worker 685416112
135 135 4 Worker 775229117
136 136 4 Worker 796254660
137 137 4 Worker 895162407
138 138 4 Worker 970794980
139 139 4 Worker 593127819
140 140 4 Worker 245727140
141 141 4 Worker 224786239
142 142 4 Worker 799768457
143 143 4 Worker 876489528
144 144 4 Worker 478142881
145 145 4 Worker 884301495
146 146 4 Worker 858716288
147 147 4 Worker 643134594
148 148 4 Worker 22833914
149 149 4 Worker 959030514
150 150 4 Worker 536547689
151 151 4 Worker 728898274
152 152 4 Worker 226164387
153 153 4 Worker 791917927
154 154 4 Worker 498459302
155 155 4 Worker 19748685
156 156 4 Worker 981993913
157 157 4 Worker 863515080
158 158 4 Worker 265888182
159 159 4 Worker 525954962
160 160 4 Worker 798226447
161 161 4 Worker 785901389
162 162 4 Worker 696466446
163 163 4 Worker 770698325
164 164 4 Worker 625280749
165 165 4 Worker 255691160
166 166 4 Worker 584572330
167 167 4 Worker 837275177
168 168 4 Worker 687505578
169 169 4 Worker 625907905
170 170 4 Worker 68588421
171 171 4 Worker 91895038
172 172 4 Worker 729976221
173 173 4 Worker 717206102
174 174 4 Worker 368438976
175 175 4 Worker 264367657
176 176 4 Worker 89569317
177 177 4 Worker 154869892
178 178 4 Worker 48448748
179 179 4 Worker 707448337
180 180 4 Worker 335476310
181 181 4 Worker 87989371
182 182 4 Worker 132600193
183 183 4 Worker 980594488
184 184 4 Worker 45706210
185 185 4 Worker 93100118
186 186 4 Worker 936314833
187 187 4 Worker 659825441
188 188 4 Worker 12730788
189 189 4 Worker 518659057
190 190 4 Worker 568209400
191 191 4 Worker 492782661
192 192 4 Worker 211337344
193 193 4 Worker 656656525
194 194 4 Worker 691954437
195 195 4 Worker 282411338
196 196 4 Worker 898127204
197 197 4 Worker 751724994
198 198 4 Worker 433496505
199 199 4 Worker 115757123
200 200 4 Worker 258637632
201 201 4 Worker 352514210
202 202 4 Worker 136827688
203 203 4 Worker 461790701
204 204 4 Worker 781930023
205 205 4 Worker 498136159
206 206 4 Worker 677416251
207 207 4 Worker 279248950
208 208 4 Worker 190383076
209 209 4 Worker 926096148
210 210 4 Worker 520400003
211 211 4 Worker 569566634
212 212 4 Worker 635819025
213 213 4 Worker 522153248
214 214 4 Worker 600030211
215 215 4 Worker 825993491
216 216 4 Worker 72750452
217 217 4 Worker 527765702
218 218 4 Worker 536802366
219 219 4 Worker 254160695
220 220 4 Worker 253197469
221 221 4 Worker 876734258
222 222 4 Worker 770943949
223 223 4 Worker 175338103
224 224 4 Worker 905494481
225 225 4 Worker 966012478
226 226 4 Worker 540329583
227 227 4 Worker 342252741
228 228 4 Worker 995569573
229 229 4 Worker 387637654
230 230 4 Worker 469508505
231 231 4 Worker 490031879
232 232 4 Worker 73583046
233 233 4 Worker 307190211
234 234 4 Worker 879315186
235 235 4 Worker 608221968
236 236 4 Worker 520619159
237 237 4 Worker 324422084
238 238 4 Worker 68122729
239 239 4 Worker 524357085
240 240 4 Worker 187752633
241 241 4 Worker 911619193
242 242 4 Worker 94162535
243 243 4 Worker 618774407
244 244 4 Worker 960445234
245 245 4 Worker 336091834
246 246 4 Worker 357742552
247 247 4 Worker 951081665
248 248 4 Worker 822557273
249 249 4 Worker 908376253
250 250 4 Worker 43332996
251 251 4 Worker 479892478
252 252 4 Worker 328860449
253 253 4 Worker 294572772
254 254 4 Worker 36410909
255 255 4 Worker 177698749
