0 0 -1 Splicer 269163741
1 1 0 Worker 299848304
2 2 -1 PersistentDB 839827950
3 3 -1 InMemoryDB 647353980
4 4 -1 WorkManager 332558822
5 5 4 Worker 400175249
6 6 4 Worker 609943143
7 7 4 Worker 239734282
8 8 4 Worker 131119792
9 9 4 Worker 528213978
10 10 4 Worker 823080470
11 11 4 Worker 903339946
12 12 4 Worker 390095610
13 13 4 Worker 734706888
14 14 4 Worker 372704282
15 15 4 Worker 513135858
16 16 4 Worker 218615453
17 17 4 Worker 227302798
18 18 4 Worker 955449408
19 19 4 Worker 919410824
20 20 4 Worker 871771124
21 21 4 Worker 638005590
22 22 4 Worker 753110720
23 23 4 Worker 854453329
24 24 4 Worker 14586835
25 25 4 Worker 765282407
26 26 4 Worker 405348427
27 27 4 Worker 126684811
28 28 4 Worker 972984285
29 29 4 Worker 619180163
30 30 4 Worker 199142051
31 31 4 Worker 995065323
32 32 4 Worker 900166311
33 33 4 Worker 996327804
34 34 4 Worker 239862189
35 35 4 Worker 32145685
36 36 4 Worker 686561583
37 37 4 Worker 212084748
38 38 4 Worker 848999887
39 39 4 Worker 663642600
40 40 4 Worker 902157403
41 41 4 Worker 784091274
42 42 4 Worker 471516727
43 43 4 Worker 243782509
44 44 4 Worker 978420427
45 45 4 Worker 258332195
46 46 4 Worker 450751744
47 47 4 Worker 700393886
48 48 4 Worker 514985630
49 49 4 Worker 26680995
50 50 4 Worker 816518509
51 51 4 Worker 339504924
52 52 4 Worker 644985657
53 53 4 Worker 722135891
54 54 4 Worker 506260570
55 55 4 Worker 219969141
56 56 4 Worker 949219249
57 57 4 Worker 1008679
58 58 4 Worker 712142650
59 59 4 Worker 228541247
60 60 4 Worker 807561017
61 61 4 Worker 248338508
62 62 4 Worker 26749550
63 63 4 Worker 632918475
64 64 4 Worker 162634598
65 65 4 Worker 690825255
66 66 4 Worker 938156597
67 67 4 Worker 430296535
68 68 4 Worker 953674397
69 69 4 Worker 964791652
70 70 4 Worker 662800493
71 71 4 Worker 707615360
72 72 4 Worker 805561702
73 73 4 Worker 888468981
74 74 4 Worker 403508720
75 75 4 Worker 16201172
76 76 4 Worker 552255061
77 77 4 Worker 883474804
78 78 4 Worker 143317033
79 79 4 Worker 466366492
80 80 4 Worker 836768827
81 81 4 Worker 51526087
82 82 4 Worker 221012502
83 83 4 Worker 556047159
84 84 4 Worker 846882208
85 85 4 Worker 211411633
86 86 4 Worker 710298449
87 87 4 Worker 963779875
88 88 4 Worker 493292411
89 89 4 Worker 270352467
90 90 4 Worker 650352087
91 91 4 Worker 446754993
92 92 4 Worker 77725514
93 93 4 Worker 158651057
94 94 4 Worker 46821125
95 95 4 Worker 354665556
96 96 4 Worker 920211998
97 97 4 Worker 27659903
98 98 4 Worker 309552542
99 99 4 Worker 847965512
100 100 4 Worker 58867959
101 101 4 Worker 330015640
102 102 4 Worker 517543931
103 103 4 Worker 55337230
104 104 4 Worker 32289213
105 105 4 Worker 684792410
106 106 4 Worker 191064891
107 107 4 Worker 810743579
108 108 4 Worker 612760981
109 109 4 Worker 956942925
110 110 4 Worker 971158033
111 111 4 Worker 353166067
112 112 4 Worker 428753380
113 113 4 Worker 862445085
114 114 4 Worker 705257364
115 115 4 Worker 568330845
116 116 4 Worker 949069680
117 117 4 Worker 20050315
118 118 4 Worker 996338829
119 119 4 Worker 964938609
120 120 4 Worker 292997823
121 121 4 Worker 413388173
122 122 4 Worker 105122633
123 123 4 Worker 159014500
124 124 4 Worker 573281211
125 125 4 Worker 605903176
126 126 4 Worker 818522473
127 127 4 Worker 705252708
128 128 4 Worker 787630739
129 129 4 Worker 519658768
130 130 4 Worker 666868341
131 131 4 Worker 87734335
132 132 4 Worker 357766242
133 133 4 Worker 82298921
134 134 4 Worker 497938120
135 135 4 Worker 228606763
136 136 4 Worker 995896438
137 137 4 Worker 362451466
138 138 4 Worker 646114032
139 139 4 Worker 687678165
140 140 4 Worker 187567788
141 141 4 Worker 803192034
142 142 4 Worker 378512785
143 143 4 Worker 829836218
144 144 4 Worker 142878652
145 145 4 Worker 919813310
146 146 4 Worker 6223045
147 147 4 Worker 557002441
148 148 4 Worker 846874885
149 149 4 Worker 369577198
150 150 4 Worker 577909073
151 151 4 Worker 910453771
152 152 4 Worker 142498687
153 153 4 Worker 138391851
154 154 4 Worker 260618324
155 155 4 Worker 403013756
156 156 4 Worker 96286394
157 157 4 Worker 97205875
158 158 4 Worker 931409155
159 159 4 Worker 181827496
160 160 4 Worker 519159126
161 161 4 Worker 692152084
162 162 4 Worker 35202758
163 163 4 Worker 381578119
164 164 4 Worker 895544832
165 165 4 Worker 107828189
166 166 4 Worker 809280446
167 167 4 Worker 564200995
168 168 4 Worker 732441607
169 169 4 Worker 249860693
170 170 4 Worker 378781189
171 171 4 Worker 913512038
172 172 4 Worker 586675121
173 173 4 Worker 566623505
174 174 4 Worker 729918880
175 175 4 Worker 252923013
176 176 4 Worker 78317377
177 177 4 Worker 956433585
178 178 4 Worker 839955541
179 179 4 Worker 749606572
180 180 4 Worker 352726102
181 181 4 Worker 778779948
182 182 4 Worker 208302942
183 183 4 Worker 311190601
184 184 4 Worker 102965453
185 185 4 Worker 26892851
186 186 4 Worker 509438025
187 187 4 Worker 946063909
188 188 4 Worker 142173588
189 189 4 Worker 986226085
190 190 4 Worker 661747206
191 191 4 Worker 337361931
192 192 4 Worker 905657601
193 193 4 Worker 693009158
194 194 4 Worker 924364957
195 195 4 Worker 703924901
196 196 4 Worker 827760300
197 197 4 Worker 338952610
198 198 4 Worker 285786968
199 199 4 Worker 870200798
200 200 4 Worker 528726346
201 201 4 Worker 915397280
202 202 4 Worker 227527038
203 203 4 Worker 568960858
204 204 4 Worker 824897641
205 205 4 Worker 623919797
206 206 4 Worker 703493233
207 207 4 Worker 277960656
208 208 4 Worker 569722980
209 209 4 Worker 949899646
210 210 4 Worker 607347996
211 211 4 Worker 693529666
212 212 4 Worker 761494121
213 213 4 Worker 375654491
214 214 4 Worker 507609755
215 215 4 Worker 553758483
216 216 4 Worker 68894227
217 217 4 Worker 135392113
218 218 4 Worker 828083361
219 219 4 Worker 758654041
220 220 4 Worker 528190301
221 221 4 Worker 489729711
222 222 4 Worker 15307597
223 223 4 Worker 813708676
224 224 4 Worker 415987656
225 225 4 Worker 349331500
226 226 4 Worker 720646432
227 227 4 Worker 897009092
228 228 4 Worker 260342896
229 229 4 Worker 949792200
230 230 4 Worker 580366505
231 231 4 Worker 15699386
232 232 4 Worker 742708385
233 233 4 Worker 251405417
234 234 4 Worker 42917371
235 235 4 Worker 431437850
236 236 4 Worker 399441436
237 237 4 Worker 235314174
238 238 4 Worker 155044732
239 239 4 Worker 939984432
240 240 4 Worker 562024153
241 241 4 Worker 788449026
242 242 4 Worker 21268590
243 243 4 Worker 806011186
244 244 4 Worker 630053762
245 245 4 Worker 759871698
246 246 4 Worker 544387755
247 247 4 Worker 384311282
248 248 4 Worker 560775709
249 249 4 Worker 488884942
250 250 4 Worker 412992209
251 251 4 Worker 530622652
252 252 4 Worker 679558481
253 253 4 Worker 890842097
254 254 4 Worker 650424400
255 255 4 Worker 884386422
