0 0 -1 Splicer 241918846
1 1 0 Worker 770212549
2 2 -1 PersistentDB 805447539
3 3 -1 InMemoryDB 883571501
4 4 -1 WorkManager 520033117
5 5 4 Worker 292342771
6 6 4 Worker 153303474
7 7 4 Worker 899485794
8 8 4 Worker 938208831
9 9 4 Worker 329161890
10 10 4 Worker 132575299
11 11 4 Worker 9453866
12 12 4 Worker 76851074
13 13 4 Worker 438571205
14 14 4 Worker 943146726
15 15 4 Worker 205177260
16 16 4 Worker 833683608
17 17 4 Worker 270149294
18 18 4 Worker 164319678
19 19 4 Worker 681953176
20 20 4 Worker 590949659
21 21 4 Worker 246898601
22 22 4 Worker 780840212
23 23 4 Worker 296172524
24 24 4 Worker 769772110
25 25 4 Worker 300233729
26 26 4 Worker 788542751
27 27 4 Worker 509989078
28 28 4 Worker 528129986
29 29 4 Worker 738810595
30 30 4 Worker 525881613
31 31 4 Worker 69371915
32 32 4 Worker 209611647
33 33 4 Worker 948530638
34 34 4 Worker 306658502
35 35 4 Worker 179562891
36 36 4 Worker 871080591
37 37 4 Worker 100580246
38 38 4 Worker 286345016
39 39 4 Worker 485003463
40 40 4 Worker 827263153
41 41 4 Worker 98640858
42 42 4 Worker 474695535
43 43 4 Worker 31462253
44 44 4 Worker 873047449
45 45 4 Worker 435072521
46 46 4 Worker 136945284
47 47 4 Worker 351441462
48 48 4 Worker 196269047
49 49 4 Worker 156474929
50 50 4 Worker 326257928
51 51 4 Worker 122097508
52 52 4 Worker 511218625
53 53 4 Worker 142415257
54 54 4 Worker 885120277
55 55 4 Worker 797396385
56 56 4 Worker 251680292
57 57 4 Worker 490423201
58 58 4 Worker 899142577
59 59 4 Worker 82701057
60 60 4 Worker 938444687
61 61 4 Worker 660377788
62 62 4 Worker 239041924
63 63 4 Worker 293885743
64 64 4 Worker 870212498
65 65 4 Worker 141146004
66 66 4 Worker 464309145
67 67 4 Worker 486163655
68 68 4 Worker 20196642
69 69 4 Worker 416871345
70 70 4 Worker 850666317
71 71 4 Worker 958921018
72 72 4 Worker 849151348
73 73 4 Worker 939792017
74 74 4 Worker 202657279
75 75 4 Worker 821422926
76 76 4 Worker 372290878
77 77 4 Worker 151565344
78 78 4 Worker 322074559
79 79 4 Worker 179861381
80 80 4 Worker 619993070
81 81 4 Worker 951631736
82 82 4 Worker 942899891
83 83 4 Worker 854638246
84 84 4 Worker 2476231
85 85 4 Worker 145797920
86 86 4 Worker 163465590
87 87 4 Worker 29282702
88 88 4 Worker 714710146
89 89 4 Worker 372056840
90 90 4 Worker 966669736
91 91 4 Worker 102389199
92 92 4 Worker 918509290
93 93 4 Worker 457536732
94 94 4 Worker 739484058
95 95 4 Worker 481281129
96 96 4 Worker 208175889
97 97 4 Worker 431526420
98 98 4 Worker 728656234
99 99 4 Worker 353957137
100 100 4 Worker 615319131
101 101 4 Worker 326612362
102 102 4 Worker 545479117
103 103 4 Worker 661090204
104 104 4 Worker 858364391
105 105 4 Worker 887436966
106 106 4 Worker 88306740
107 107 4 Worker 704394563
108 108 4 Worker 441572579
109 109 4 Worker 108936698
110 110 4 Worker 231761414
111 111 4 Worker 876133592
112 112 4 Worker 908939425
113 113 4 Worker 831328435
114 114 4 Worker 136733378
115 115 4 Worker 432442173
116 116 4 Worker 952530789
117 117 4 Worker 158958988
118 118 4 Worker 387256221
119 119 4 Worker 659631224
120 120 4 Worker 78124667
121 121 4 Worker 537561557
122 122 4 Worker 295986869
123 123 4 Worker 111337830
124 124 4 Worker 68086812
125 125 4 Worker 934962187
126 126 4 Worker 491232660
127 127 4 Worker 755366625
128 128 4 Worker 939778810
129 129 4 Worker 980360527
130 130 4 Worker 367943014
131 131 4 Worker 383176347
132 132 4 Worker 227291633
133 133 4 Worker 3883214
134 134 4 Worker 142951158
135 135 4 Worker 235250133
136 136 4 Worker 466036616
137 137 4 Worker 472348674
138 138 4 Worker 101451540
139 139 4 Worker 726198104
140 140 4 Worker 97031275
141 141 4 Worker 123313412
142 142 4 Worker 486518806
143 143 4 Worker 931665280
144 144 4 Worker 878244124
145 145 4 Worker 562014042
146 146 4 Worker 49479234
147 147 4 Worker 838052130
148 148 4 Worker 899924731
149 149 4 Worker 627772532
150 150 4 Worker 722180891
151 151 4 Worker 718172455
152 152 4 Worker 977073516
153 153 4 Worker 376209235
154 154 4 Worker 992334184
155 155 4 Worker 203027810
156 156 4 Worker 706394559
157 157 4 Worker 588033924
158 158 4 Worker 901943409
159 159 4 Worker 373532169
160 160 4 Worker 585351899
161 161 4 Worker 812173235
162 162 4 Worker 414256415
163 163 4 Worker 941904006
164 164 4 Worker 946108744
165 165 4 Worker 710041080
166 166 4 Worker 986772936
167 167 4 Worker 519053497
168 168 4 Worker 630068515
169 169 4 Worker 405614030
170 170 4 Worker 464919895
171 171 4 Worker 400373875
172 172 4 Worker 729846911
173 173 4 Worker 516665197
174 174 4 Worker 548245979
175 175 4 Worker 607232147
176 176 4 Worker 49209746
177 177 4 Worker 850778836
178 178 4 Worker 531903222
179 179 4 Worker 81788618
180 180 4 Worker 377116847
181 181 4 Worker 560237358
182 182 4 Worker 22298304
183 183 4 Worker 467701560
184 184 4 Worker 256319164
185 185 4 Worker 577959170
186 186 4 Worker 864441752
187 187 4 Worker 952480570
188 188 4 Worker 449381807
189 189 4 Worker 958316471
190 190 4 Worker 767681980
191 191 4 Worker 267414939
192 192 4 Worker 693521121
193 193 4 Worker 17333576
194 194 4 Worker 594321062
195 195 4 Worker 395023966
196 196 4 Worker 921109372
197 197 4 Worker 590660586
198 198 4 Worker 406979686
199 199 4 Worker 274804897
200 200 4 Worker 489728064
201 201 4 Worker 618911724
202 202 4 Worker 364067265
203 203 4 Worker 696388201
204 204 4 Worker 570582854
205 205 4 Worker 727350970
206 206 4 Worker 178679804
207 207 4 Worker 969998557
208 208 4 Worker 365230836
209 209 4 Worker 851865287
210 210 4 Worker 767905985
211 211 4 Worker 179919300
212 212 4 Worker 786449955
213 213 4 Worker 988128295
214 214 4 Worker 820408154
215 215 4 Worker 25886302
216 216 4 Worker 569877037
217 217 4 Worker 545073628
218 218 4 Worker 510117384
219 219 4 Worker 142510917
220 220 4 Worker 470484238
221 221 4 Worker 700588318
222 222 4 Worker 61999251
223 223 4 Worker 415971285
224 224 4 Worker 924973833
225 225 4 Worker 559990210
226 226 4 Worker 562239144
227 227 4 Worker 623594293
228 228 4 Worker 384546164
229 229 4 Worker 118091160
230 230 4 Worker 276116535
231 231 4 Worker 359433517
232 232 4 Worker 622994242
233 233 4 Worker 797491191
234 234 4 Worker 251865407
235 235 4 Worker 166509995
236 236 4 Worker 595041662
237 237 4 Worker 352419545
238 238 4 Worker 452342309
239 239 4 Worker 84535298
240 240 4 Worker 16701519
241 241 4 Worker 996662966
242 242 4 Worker 157662703
243 243 4 Worker 987873429
244 244 4 Worker 473533144
245 245 4 Worker 23389784
246 246 4 Worker 60393641
247 247 4 Worker 689728170
248 248 4 Worker 875842776
249 249 4 Worker 671500372
250 250 4 Worker 575701613
251 251 4 Worker 491929051
252 252 4 Worker 773719974
253 253 4 Worker 789377802
254 254 4 Worker 819303952
255 255 4 Worker 41858128
