0 0 -1 Splicer 68408944
1 1 0 Worker 255145321
2 2 -1 PersistentDB 788526355
3 3 -1 InMemoryDB 646603525
4 4 -1 WorkManager 646465109
5 5 4 Worker 776164141
6 6 4 Worker 945757016
7 7 4 Worker 686176463
8 8 4 Worker 414125122
9 9 4 Worker 698108784
10 10 4 Worker 990485694
11 11 4 Worker 123982560
12 12 4 Worker 262186746
13 13 4 Worker 52043684
14 14 4 Worker 954221078
15 15 4 Worker 154190578
16 16 4 Worker 14572634
17 17 4 Worker 929019784
18 18 4 Worker 351938592
19 19 4 Worker 557295491
20 20 4 Worker 520640142
21 21 4 Worker 833073371
22 22 4 Worker 752995498
23 23 4 Worker 828537273
24 24 4 Worker 923663279
25 25 4 Worker 412412985
26 26 4 Worker 571857172
27 27 4 Worker 93164188
28 28 4 Worker 889722799
29 29 4 Worker 661744797
30 30 4 Worker 98782642
31 31 4 Worker 416236424
32 32 4 Worker 25990241
33 33 4 Worker 769235424
34 34 4 Worker 19969937
35 35 4 Worker 883196552
36 36 4 Worker 436205484
37 37 4 Worker 406818306
38 38 4 Worker 112232660
39 39 4 Worker 273117767
40 40 4 Worker 208702116
41 41 4 Worker 91891228
42 42 4 Worker 517186379
43 43 4 Worker 942387480
44 44 4 Worker 851823949
45 45 4 Worker 84018111
46 46 4 Worker 320528974
47 47 4 Worker 563776403
48 48 4 Worker 81991148
49 49 4 Worker 998115284
50 50 4 Worker 925767775
51 51 4 Worker 695096545
52 52 4 Worker 933216133
53 53 4 Worker 736727249
54 54 4 Worker 130732307
55 55 4 Worker 572470660
56 56 4 Worker 925858276
57 57 4 Worker 346691535
58 58 4 Worker 895550955
59 59 4 Worker 818470569
60 60 4 Worker 658259077
61 61 4 Worker 373048523
62 62 4 Worker 45131507
63 63 4 Worker 342774812
64 64 4 Worker 402260675
65 65 4 Worker 433214644
66 66 4 Worker 180610759
67 67 4 Worker 78716513
68 68 4 Worker 291698735
69 69 4 Worker 561227877
70 70 4 Worker 239090274
71 71 4 Worker 29882581
72 72 4 Worker 414231920
73 73 4 Worker 994135806
74 74 4 Worker 8907791
75 75 4 Worker 572295570
76 76 4 Worker 429719549
77 77 4 Worker 570626747
78 78 4 Worker 550038043
79 79 4 Worker 704718719
80 80 4 Worker 379446945
81 81 4 Worker 346312946
82 82 4 Worker 512490253
83 83 4 Worker 65017467
84 84 4 Worker 744139583
85 85 4 Worker 747907631
86 86 4 Worker 392097114
87 87 4 Worker 684711512
88 88 4 Worker 852652790
89 89 4 Worker 733175969
90 90 4 Worker 840116228
91 91 4 Worker 176933308
92 92 4 Worker 737213008
93 93 4 Worker 220834762
94 94 4 Worker 366677429
95 95 4 Worker 895897181
96 96 4 Worker 81056365
97 97 4 Worker 419818855
98 98 4 Worker 868801984
99 99 4 Worker 547823243
100 100 4 Worker 948517670
101 101 4 Worker 183131394
102 102 4 Worker 914747879
103 103 4 Worker 8505977
104 104 4 Worker 778186244
105 105 4 Worker 411255626
106 106 4 Worker 483250074
107 107 4 Worker 884456105
108 108 4 Worker 825217317
109 109 4 Worker 996864834
110 110 4 Worker 907184533
111 111 4 Worker 744412317
112 112 4 Worker 717843106
113 113 4 Worker 823302041
114 114 4 Worker 453878916
115 115 4 Worker 315571369
116 116 4 Worker 953598189
117 117 4 Worker 438263013
118 118 4 Worker 922284235
119 119 4 Worker 554093393
120 120 4 Worker 254231289
121 121 4 Worker 696167697
122 122 4 Worker 664050767
123 123 4 Worker 585970473
124 124 4 Worker 249186917
125 125 4 Worker 572135910
126 126 4 Worker 975473697
127 127 4 Worker 71693820
128 128 4 Worker 713845660
129 129 4 Worker 470530074
130 130 4 Worker 809800956
131 131 4 Worker 934838936
132 132 4 Worker 799836651
133 133 4 Worker 982942002
134 134 4 Worker 452736267
135 135 4 Worker 538392617
136 136 4 Worker 895197223
137 137 4 Worker 272417168
138 138 4 Worker 680405811
139 139 4 Worker 661986403
140 140 4 Worker 858549167
141 141 4 Worker 370762917
142 142 4 Worker 782980737
143 143 4 Worker 19343246
144 144 4 Worker 493510517
145 145 4 Worker 703368055
146 146 4 Worker 718793973
147 147 4 Worker 576229810
148 148 4 Worker 515830463
149 149 4 Worker 278694639
150 150 4 Worker 811292081
151 151 4 Worker 761524541
152 152 4 Worker 252990074
153 153 4 Worker 899594633
154 154 4 Worker 683204814
155 155 4 Worker 642525856
156 156 4 Worker 21822274
157 157 4 Worker 970856401
158 158 4 Worker 406572975
159 159 4 Worker 304355506
160 160 4 Worker 588477235
161 161 4 Worker 986116692
162 162 4 Worker 850518097
163 163 4 Worker 993690969
164 164 4 Worker 216081525
165 165 4 Worker 517145431
166 166 4 Worker 237447693
167 167 4 Worker 483692174
168 168 4 Worker 408274933
169 169 4 Worker 965667608
170 170 4 Worker 564589511
171 171 4 Worker 109705682
172 172 4 Worker 400074229
173 173 4 Worker 524650102
174 174 4 Worker 730224705
175 175 4 Worker 11861383
176 176 4 Worker 321502115
177 177 4 Worker 192441687
178 178 4 Worker 158240426
179 179 4 Worker 716946958
180 180 4 Worker 137457094
181 181 4 Worker 667729604
182 182 4 Worker 999054512
183 183 4 Worker 970781742
184 184 4 Worker 58503078
185 185 4 Worker 769510412
186 186 4 Worker 236214222
187 187 4 Worker 163842870
188 188 4 Worker 684233783
189 189 4 Worker 451123343
190 190 4 Worker 177550478
191 191 4 Worker 875183601
192 192 4 Worker 657933285
193 193 4 Worker 855563551
194 194 4 Worker 327281351
195 195 4 Worker 366292520
196 196 4 Worker 321817623
197 197 4 Worker 905831913
198 198 4 Worker 128323642
199 199 4 Worker 134664391
200 200 4 Worker 636640521
201 201 4 Worker 197987011
202 202 4 Worker 530994892
203 203 4 Worker 18268397
204 204 4 Worker 697307602
205 205 4 Worker 953741092
206 206 4 Worker 730120934
207 207 4 Worker 865552968
208 208 4 Worker 814104352
209 209 4 Worker 92127105
210 210 4 Worker 220383092
211 211 4 Worker 982790878
212 212 4 Worker 68591406
213 213 4 Worker 754099234
214 214 4 Worker 163659917
215 215 4 Worker 556872271
216 216 4 Worker 76488238
217 217 4 Worker 733248375
218 218 4 Worker 976555726
219 219 4 Worker 194536979
220 220 4 Worker 978691412
221 221 4 Worker 235846442
222 222 4 Worker 323850499
223 223 4 Worker 330683326
224 224 4 Worker 864979497
225 225 4 Worker 51269425
226 226 4 Worker 683391552
227 227 4 Worker 100829167
228 228 4 Worker 730642663
229 229 4 Worker 226324929
230 230 4 Worker 746974554
231 231 4 Worker 149370885
232 232 4 Worker 432283446
233 233 4 Worker 967197518
234 234 4 Worker 809551335
235 235 4 Worker 745448281
236 236 4 Worker 569519253
237 237 4 Worker 937649797
238 238 4 Worker 410416083
239 239 4 Worker 914905238
240 240 4 Worker 71460680
241 241 4 Worker 610941926
242 242 4 Worker 946534240
243 243 4 Worker 252614741
244 244 4 Worker 299546936
245 245 4 Worker 89901711
246 246 4 Worker 522398472
247 247 4 Worker 981532682
248 248 4 Worker 967159369
249 249 4 Worker 978874006
250 250 4 Worker 652472130
251 251 4 Worker 361155028
252 252 4 Worker 203470058
253 253 4 Worker 861341680
254 254 4 Worker 598343714
255 255 4 Worker 776009090
