0 0 -1 Splicer 383916369
1 1 0 Worker 828401262
2 2 -1 PersistentDB 348324286
3 3 -1 InMemoryDB 259931280
4 4 -1 WorkManager 918336032
5 5 4 Worker 178031347
6 6 4 Worker 64070000
7 7 4 Worker 593383159
8 8 4 Worker 78912771
9 9 4 Worker 534412663
10 10 4 Worker 577561394
11 11 4 Worker 997608073
12 12 4 Worker 709513086
13 13 4 Worker 893937790
14 14 4 Worker 567708183
15 15 4 Worker 759276913
16 16 4 Worker 645015583
17 17 4 Worker 436607767
18 18 4 Worker 841850997
19 19 4 Worker 974320592
20 20 4 Worker 327014286
21 21 4 Worker 8426280
22 22 4 Worker 360901577
23 23 4 Worker 619297853
24 24 4 Worker 50960136
25 25 4 Worker 154428853
26 26 4 Worker 345079181
27 27 4 Worker 966971994
28 28 4 Worker 301968267
29 29 4 Worker 732753371
30 30 4 Worker 607173345
31 31 4 Worker 281414359
32 32 4 Worker 499720608
33 33 4 Worker 923374947
34 34 4 Worker 539819776
35 35 4 Worker 402935880
36 36 4 Worker 753372524
37 37 4 Worker 960355785
38 38 4 Worker 303152172
39 39 4 Worker 781828915
40 40 4 Worker 692048011
41 41 4 Worker 29067927
42 42 4 Worker 349744301
43 43 4 Worker 839183104
44 44 4 Worker 417370050
45 45 4 Worker 81097849
46 46 4 Worker 627270562
47 47 4 Worker 456465531
48 48 4 Worker 53059831
49 49 4 Worker 625288714
50 50 4 Worker 623710349
51 51 4 Worker 699048037
52 52 4 Worker 782269932
53 53 4 Worker 938921226
54 54 4 Worker 51914074
55 55 4 Worker 766758043
56 56 4 Worker 829818826
57 57 4 Worker 256131082
58 58 4 Worker 280068923
59 59 4 Worker 794910222
60 60 4 Worker 354046830
61 61 4 Worker 439572190
62 62 4 Worker 223827440
63 63 4 Worker 911956405
64 64 4 Worker 598196906
65 65 4 Worker 124007811
66 66 4 Worker 570336919
67 67 4 Worker 661231154
68 68 4 Worker 290633277
69 69 4 Worker 991184903
70 70 4 Worker 553896895
71 71 4 Worker 274468235
72 72 4 Worker 953710493
73 73 4 Worker 135866474
74 74 4 Worker 389889739
75 75 4 Worker 389153100
76 76 4 Worker 739529517
77 77 4 Worker 65885799
78 78 4 Worker 794668032
79 79 4 Worker 593877173
80 80 4 Worker 713186011
81 81 4 Worker 283307587
82 82 4 Worker 184010344
83 83 4 Worker 252615636
84 84 4 Worker 530673371
85 85 4 Worker 809363035
86 86 4 Worker 158938827
87 87 4 Worker 670858724
88 88 4 Worker 421814883
89 89 4 Worker 622614745
90 90 4 Worker 185787512
91 91 4 Worker 974712171
92 92 4 Worker 400895236
93 93 4 Worker 947085799
94 94 4 Worker 952012336
95 95 4 Worker 692573609
96 96 4 Worker 189550685
97 97 4 Worker 890533202
98 98 4 Worker 522448
99 99 4 Worker 199659110
100 100 4 Worker 180857834
101 101 4 Worker 644761672
102 102 4 Worker 450192989
103 103 4 Worker 339526084
104 104 4 Worker 408560036
105 105 4 Worker 881649469
106 106 4 Worker 539496806
107 107 4 Worker 381098008
108 108 4 Worker 84416826
109 109 4 Worker 289813736
110 110 4 Worker 256890304
111 111 4 Worker 132239540
112 112 4 Worker 705139809
113 113 4 Worker 514631094
114 114 4 Worker 940775721
115 115 4 Worker 548424912
116 116 4 Worker 482150347
117 117 4 Worker 548337124
118 118 4 Worker 192026343
119 119 4 Worker 823205460
120 120 4 Worker 980203960
121 121 4 Worker 929587329
122 122 4 Worker 156108975
123 123 4 Worker 989631114
124 124 4 Worker 599844240
125 125 4 Worker 165549331
126 126 4 Worker 634662717
127 127 4 Worker 30815457
128 128 4 Worker 951010085
129 129 4 Worker 350063955
130 130 4 Worker 949654381
131 131 4 Worker 13784454
132 132 4 Worker 985477111
133 133 4 Worker 794059781
134 134 4 Worker 389393963
135 135 4 Worker 338076466
136 136 4 Worker 631589254
137 137 4 Worker 704146698
138 138 4 Worker 953416692
139 139 4 Worker 888689919
140 140 4 Worker 403936589
141 141 4 Worker 400010380
142 142 4 Worker 239277443
143 143 4 Worker 842277045
144 144 4 Worker 229903924
145 145 4 Worker 855199285
146 146 4 Worker 122863944
147 147 4 Worker 161981436
148 148 4 Worker 919621276
149 149 4 Worker 392719078
150 150 4 Worker 885993663
151 151 4 Worker 87926226
152 152 4 Worker 267792551
153 153 4 Worker 485214363
154 154 4 Worker 889948979
155 155 4 Worker 255948192
156 156 4 Worker 65198559
157 157 4 Worker 439546392
158 158 4 Worker 892180580
159 159 4 Worker 37666302
160 160 4 Worker 686869447
161 161 4 Worker 626042118
162 162 4 Worker 720946405
163 163 4 Worker 698723082
164 164 4 Worker 106683427
165 165 4 Worker 335454840
166 166 4 Worker 101630579
167 167 4 Worker 443557042
168 168 4 Worker 408898570
169 169 4 Worker 161294182
170 170 4 Worker 965354659
171 171 4 Worker 619090249
172 172 4 Worker 787057478
173 173 4 Worker 272162596
174 174 4 Worker 199042260
175 175 4 Worker 55449771
176 176 4 Worker 723567505
177 177 4 Worker 309177035
178 178 4 Worker 577639198
179 179 4 Worker 742279302
180 180 4 Worker 345884223
181 181 4 Worker 258240741
182 182 4 Worker 572232698
183 183 4 Worker 160098446
184 184 4 Worker 357031111
185 185 4 Worker 514728373
186 186 4 Worker 202452055
187 187 4 Worker 479883857
188 188 4 Worker 882610168
189 189 4 Worker 797247643
190 190 4 Worker 495665158
191 191 4 Worker 398742768
192 192 4 Worker 98833647
193 193 4 Worker 989970881
194 194 4 Worker 712203053
195 195 4 Worker 530809790
196 196 4 Worker 933814667
197 197 4 Worker 521866136
198 198 4 Worker 653032761
199 199 4 Worker 491180480
200 200 4 Worker 11996944
201 201 4 Worker 71514628
202 202 4 Worker 165153794
203 203 4 Worker 126884255
204 204 4 Worker 133702917
205 205 4 Worker 949143257
206 206 4 Worker 521803785
207 207 4 Worker 943545931
208 208 4 Worker 558606962
209 209 4 Worker 92053866
210 210 4 Worker 999583783
211 211 4 Worker 881252547
212 212 4 Worker 661287720
213 213 4 Worker 98733222
214 214 4 Worker 414359173
215 215 4 Worker 223107845
216 216 4 Worker 229744576
217 217 4 Worker 170008563
218 218 4 Worker 878800526
219 219 4 Worker 541083191
220 220 4 Worker 504765473
221 221 4 Worker 234857907
222 222 4 Worker 676759358
223 223 4 Worker 75542355
224 224 4 Worker 443268972
225 225 4 Worker 627319647
226 226 4 Worker 633588956
227 227 4 Worker 227316847
228 228 4 Worker 743907294
229 229 4 Worker 225823041
230 230 4 Worker 50058677
231 231 4 Worker 507545425
232 232 4 Worker 336592293
233 233 4 Worker 14090251
234 234 4 Worker 270588632
235 235 4 Worker 979293204
236 236 4 Worker 240429875
237 237 4 Worker 674164373
238 238 4 Worker 217739010
239 239 4 Worker 929168824
240 240 4 Worker 841848776
241 241 4 Worker 224909048
242 242 4 Worker 863849209
243 243 4 Worker 155402459
244 244 4 Worker 752780736
245 245 4 Worker 911854758
246 246 4 Worker 215602328
247 247 4 Worker 207935037
248 248 4 Worker 673292812
249 249 4 Worker 896431620
250 250 4 Worker 706825691
251 251 4 Worker 367963442
252 252 4 Worker 580004232
253 253 4 Worker 767253083
254 254 4 Worker 868466431
255 255 4 Worker 936870470
