0 0 -1 Splicer 96671790
1 1 0 Worker 137019408
2 2 -1 PersistentDB 494971020
3 3 -1 InMemoryDB 104903925
4 4 -1 WorkManager 897398723
5 5 4 Worker 523944166
6 6 4 Worker 310721167
7 7 4 Worker 649373210
8 8 4 Worker 87386215
9 9 4 Worker 413773117
10 10 4 Worker 836252593
11 11 4 Worker 68167564
12 12 4 Worker 467595729
13 13 4 Worker 179928143
14 14 4 Worker 272466905
15 15 4 Worker 259252346
16 16 4 Worker 688002894
17 17 4 Worker 346474149
18 18 4 Worker 323775237
19 19 4 Worker 319082832
20 20 4 Worker 945810649
21 21 4 Worker 780938793
22 22 4 Worker 246622658
23 23 4 Worker 390556447
24 24 4 Worker 32838986
25 25 4 Worker 32432278
26 26 4 Worker 183129358
27 27 4 Worker 860747224
28 28 4 Worker 314978842
29 29 4 Worker 250219085
30 30 4 Worker 521389951
31 31 4 Worker 967742307
32 32 4 Worker 948549092
33 33 4 Worker 516010465
34 34 4 Worker 778977734
35 35 4 Worker 109764416
36 36 4 Worker 870021740
37 37 4 Worker 349897082
38 38 4 Worker 953342327
39 39 4 Worker 682870057
40 40 4 Worker 913970524
41 41 4 Worker 699284016
42 42 4 Worker 235198801
43 43 4 Worker 276066498
44 44 4 Worker 482590180
45 45 4 Worker 579691154
46 46 4 Worker 757320067
47 47 4 Worker 488232671
48 48 4 Worker 508493525
49 49 4 Worker 633213115
50 50 4 Worker 823680774
51 51 4 Worker 213767922
52 52 4 Worker 798391718
53 53 4 Worker 627705939
54 54 4 Worker 89304564
55 55 4 Worker 635316341
56 56 4 Worker 878514251
57 57 4 Worker 198437232
58 58 4 Worker 44716066
59 59 4 Worker 344186091
60 60 4 Worker 200679727
61 61 4 Worker 178966876
62 62 4 Worker 796396865
63 63 4 Worker 562045199
64 64 4 Worker 249406504
65 65 4 Worker 423485159
66 66 4 Worker 24804442
67 67 4 Worker 484642674
68 68 4 Worker 258178983
69 69 4 Worker 589255461
70 70 4 Worker 302097171
71 71 4 Worker 407046110
72 72 4 Worker 596259514
73 73 4 Worker 483011589
74 74 4 Worker 28233927
75 75 4 Worker 621360109
76 76 4 Worker 123872924
77 77 4 Worker 983476893
78 78 4 Worker 986343176
79 79 4 Worker 511553838
80 80 4 Worker 44368118
81 81 4 Worker 684227953
82 82 4 Worker 990952682
83 83 4 Worker 427777073
84 84 4 Worker 687091291
85 85 4 Worker 612111522
86 86 4 Worker 357780403
87 87 4 Worker 255702726
88 88 4 Worker 652497459
89 89 4 Worker 145707431
90 90 4 Worker 939370630
91 91 4 Worker 540740363
92 92 4 Worker 823382709
93 93 4 Worker 902357697
94 94 4 Worker 177842659
95 95 4 Worker 826764032
96 96 4 Worker 882949896
97 97 4 Worker 902563236
98 98 4 Worker 122428317
99 99 4 Worker 996664053
100 100 4 Worker 236551144
101 101 4 Worker 326210573
102 102 4 Worker 325640163
103 103 4 Worker 747187293
104 104 4 Worker 214287044
105 105 4 Worker 533447959
106 106 4 Worker 609307166
107 107 4 Worker 771227793
108 108 4 Worker 163680342
109 109 4 Worker 951335066
110 110 4 Worker 348253767
111 111 4 Worker 522545197
112 112 4 Worker 937531058
113 113 4 Worker 672321965
114 114 4 Worker 948425242
115 115 4 Worker 397460073
116 116 4 Worker 325602379
117 117 4 Worker 339953035
118 118 4 Worker 354645788
119 119 4 Worker 699560639
120 120 4 Worker 778491713
121 121 4 Worker 460342655
122 122 4 Worker 170190924
123 123 4 Worker 171748043
124 124 4 Worker 392634361
125 125 4 Worker 340641271
126 126 4 Worker 971883298
127 127 4 Worker 186017643
128 128 4 Worker 795680940
129 129 4 Worker 523541172
130 130 4 Worker 500352968
131 131 4 Worker 167672410
132 132 4 Worker 517085679
133 133 4 Worker 387242458
134 134 4 Worker 855224339
135 135 4 Worker 784404793
136 136 4 Worker 922101922
137 137 4 Worker 908697287
138 138 4 Worker 852393491
139 139 4 Worker 14529049
140 140 4 Worker 395816652
141 141 4 Worker 638727335
142 142 4 Worker 247815516
143 143 4 Worker 92300338
144 144 4 Worker 865733277
145 145 4 Worker 734186521
146 146 4 Worker 643535588
147 147 4 Worker 167306077
148 148 4 Worker 190191134
149 149 4 Worker 646891555
150 150 4 Worker 539879459
151 151 4 Worker 104346785
152 152 4 Worker 718578122
153 153 4 Worker 817898192
154 154 4 Worker 1955538
155 155 4 Worker 714642517
156 156 4 Worker 175144395
157 157 4 Worker 980665704
158 158 4 Worker 121386852
159 159 4 Worker 498171836
160 160 4 Worker 43510297
161 161 4 Worker 271841311
162 162 4 Worker 669182672
163 163 4 Worker 345920915
164 164 4 Worker 616945012
165 165 4 Worker 345545261
166 166 4 Worker 883731063
167 167 4 Worker 373589323
168 168 4 Worker 110998551
169 169 4 Worker 87335549
170 170 4 Worker 279813875
171 171 4 Worker 43396514
172 172 4 Worker 143764551
173 173 4 Worker 488997799
174 174 4 Worker 876789134
175 175 4 Worker 317775316
176 176 4 Worker 25218342
177 177 4 Worker 51152010
178 178 4 Worker 157905744
179 179 4 Worker 976906404
180 180 4 Worker 979442223
181 181 4 Worker 245759169
182 182 4 Worker 911922109
183 183 4 Worker 452728457
184 184 4 Worker 537105274
185 185 4 Worker 916625861
186 186 4 Worker 328457064
187 187 4 Worker 126338010
188 188 4 Worker 496840698
189 189 4 Worker 373381025
190 190 4 Worker 250974283
191 191 4 Worker 811869642
192 192 4 Worker 39577025
193 193 4 Worker 486165623
194 194 4 Worker 538763759
195 195 4 Worker 446570062
196 196 4 Worker 403588542
197 197 4 Worker 432207021
198 198 4 Worker 897671791
199 199 4 Worker 179109279
200 200 4 Worker 40834999
201 201 4 Worker 839318977
202 202 4 Worker 75550083
203 203 4 Worker 312985527
204 204 4 Worker 124950795
205 205 4 Worker 5959894
206 206 4 Worker 567166510
207 207 4 Worker 842400101
208 208 4 Worker 118206218
209 209 4 Worker 64414705
210 210 4 Worker 304397676
211 211 4 Worker 907837646
212 212 4 Worker 717352156
213 213 4 Worker 801051902
214 214 4 Worker 964668844
215 215 4 Worker 652076890
216 216 4 Worker 380603197
217 217 4 Worker 582582965
218 218 4 Worker 394047470
219 219 4 Worker 594071872
220 220 4 Worker 460978657
221 221 4 Worker 790620665
222 222 4 Worker 879557430
223 223 4 Worker 294421328
224 224 4 Worker 919136427
225 225 4 Worker 706179871
226 226 4 Worker 435025418
227 227 4 Worker 987423371
228 228 4 Worker 716751671
229 229 4 Worker 156911227
230 230 4 Worker 946268264
231 231 4 Worker 469226361
232 232 4 Worker 994648464
233 233 4 Worker 834559105
234 234 4 Worker 590519613
235 235 4 Worker 512190786
236 236 4 Worker 284987825
237 237 4 Worker 275884313
238 238 4 Worker 496945434
239 239 4 Worker 629469332
240 240 4 Worker 693124149
241 241 4 Worker 696061556
242 242 4 Worker 231292780
243 243 4 Worker 99805730
244 244 4 Worker 892150667
245 245 4 Worker 975417536
246 246 4 Worker 790748181
247 247 4 Worker 724716935
248 248 4 Worker 286753133
249 249 4 Worker 964408428
250 250 4 Worker 409228194
251 251 4 Worker 104904256
252 252 4 Worker 445138697
253 253 4 Worker 292404177
254 254 4 Worker 60291912
255 255 4 Worker 227549810
