0 0 -1 Splicer 789591935
1 1 0 Worker 889645639
2 2 -1 PersistentDB 535475254
3 3 -1 InMemoryDB 646385223
4 4 -1 WorkManager 78236913
5 5 4 Worker 138031173
6 6 4 Worker 53735866
7 7 4 Worker 467465788
8 8 4 Worker 857930468
9 9 4 Worker 298456767
10 10 4 Worker 98364209
11 11 4 Worker 83550755
12 12 4 Worker 233586143
13 13 4 Worker 941719991
14 14 4 Worker 398083354
15 15 4 Worker 607824977
16 16 4 Worker 653582507
17 17 4 Worker 470267945
18 18 4 Worker 753103595
19 19 4 Worker 583712347
20 20 4 Worker 631615160
21 21 4 Worker 264443718
22 22 4 Worker 395980555
23 23 4 Worker 758439902
24 24 4 Worker 768907113
25 25 4 Worker 329411928
26 26 4 Worker 394677234
27 27 4 Worker 554160304
28 28 4 Worker 486090562
29 29 4 Worker 258753911
30 30 4 Worker 73654644
31 31 4 Worker 296676320
32 32 4 Worker 580332174
33 33 4 Worker 713234113
34 34 4 Worker 438922312
35 35 4 Worker 635674111
36 36 4 Worker 5300119
37 37 4 Worker 955648604
38 38 4 Worker 100360817
39 39 4 Worker 987713266
40 40 4 Worker 630948657
41 41 4 Worker 577031527
42 42 4 Worker 357607680
43 43 4 Worker 630333258
44 44 4 Worker 670830053
45 45 4 Worker 754666891
46 46 4 Worker 418749062
47 47 4 Worker 737177098
48 48 4 Worker 477961296
49 49 4 Worker 564695936
50 50 4 Worker 438824815
51 51 4 Worker 287116708
52 52 4 Worker 617693780
53 53 4 Worker 608224012
54 54 4 Worker 679850753
55 55 4 Worker 900202358
56 56 4 Worker 367784376
57 57 4 Worker 523463099
58 58 4 Worker 563675119
59 59 4 Worker 351372788
60 60 4 Worker 71287538
61 61 4 Worker 554743554
62 62 4 Worker 798658235
63 63 4 Worker 320143919
64 64 4 Worker 838112322
65 65 4 Worker 58138281
66 66 4 Worker 439099507
67 67 4 Worker 243258444
68 68 4 Worker 13558099
69 69 4 Worker 26073022
70 70 4 Worker 80770459
71 71 4 Worker 451904398
72 72 4 Worker 163008992
73 73 4 Worker 724629314
74 74 4 Worker 401661018
75 75 4 Worker 842365264
76 76 4 Worker 849630077
77 77 4 Worker 19397534
78 78 4 Worker 544448803
79 79 4 Worker 834682128
80 80 4 Worker 117203234
81 81 4 Worker 877426648
82 82 4 Worker 908036953
83 83 4 Worker 192221763
84 84 4 Worker 127663606
85 85 4 Worker 912531209
86 86 4 Worker 865137944
87 87 4 Worker 885873643
88 88 4 Worker 511167434
89 89 4 Worker 830066950
90 90 4 Worker 354675203
91 91 4 Worker 401953254
92 92 4 Worker 746777534
93 93 4 Worker 846164536
94 94 4 Worker 769508383
95 95 4 Worker 715976547
96 96 4 Worker 963272324
97 97 4 Worker 655935987
98 98 4 Worker 106784486
99 99 4 Worker 404134756
100 100 4 Worker 315567704
101 101 4 Worker 478958959
102 102 4 Worker 533854051
103 103 4 Worker 456216734
104 104 4 Worker 188144434
105 105 4 Worker 195732725
106 106 4 Worker 348135123
107 107 4 Worker 978582267
108 108 4 Worker 499876643
109 109 4 Worker 513715249
110 110 4 Worker 628742806
111 111 4 Worker 715919956
112 112 4 Worker 679043500
113 113 4 Worker 797236744
114 114 4 Worker 482340789
115 115 4 Worker 568952766
116 116 4 Worker 241685367
117 117 4 Worker 341551682
118 118 4 Worker 922920812
119 119 4 Worker 150808152
120 120 4 Worker 944810495
121 121 4 Worker 287912130
122 122 4 Worker 621076284
123 123 4 Worker 712488198
124 124 4 Worker 757489941
125 125 4 Worker 244376322
126 126 4 Worker 650478233
127 127 4 Worker 981315252
128 128 4 Worker 392002113
129 129 4 Worker 265312604
130 130 4 Worker 190799996
131 131 4 Worker 464171045
132 132 4 Worker 583609567
133 133 4 Worker 197894047
134 134 4 Worker 921640286
135 135 4 Worker 115142922
136 136 4 Worker 975343495
137 137 4 Worker 922765532
138 138 4 Worker 412830079
139 139 4 Worker 717865175
140 140 4 Worker 885895256
141 141 4 Worker 375039334
142 142 4 Worker 941809206
143 143 4 Worker 478798291
144 144 4 Worker 844171268
145 145 4 Worker 679696002
146 146 4 Worker 320251954
147 147 4 Worker 660331386
148 148 4 Worker 469772167
149 149 4 Worker 237897830
150 150 4 Worker 676790533
151 151 4 Worker 977631136
152 152 4 Worker 376653999
153 153 4 Worker 170976013
154 154 4 Worker 883354178
155 155 4 Worker 193161045
156 156 4 Worker 939501035
157 157 4 Worker 278406704
158 158 4 Worker 367679867
159 159 4 Worker 385151162
160 160 4 Worker 503030169
161 161 4 Worker 206701410
162 162 4 Worker 389848064
163 163 4 Worker 630644259
164 164 4 Worker 626343028
165 165 4 Worker 691659307
166 166 4 Worker 166423300
167 167 4 Worker 903788985
168 168 4 Worker 62356271
169 169 4 Worker 360995748
170 170 4 Worker 39683175
171 171 4 Worker 180410876
172 172 4 Worker 137381726
173 173 4 Worker 413063198
174 174 4 Worker 271434279
175 175 4 Worker 288636009
176 176 4 Worker 242328045
177 177 4 Worker 63961404
178 178 4 Worker 435119687
179 179 4 Worker 447862217
180 180 4 Worker 227432801
181 181 4 Worker 725026959
182 182 4 Worker 124006418
183 183 4 Worker 93747667
184 184 4 Worker 886482565
185 185 4 Worker 128311407
186 186 4 Worker 618147728
187 187 4 Worker 120430426
188 188 4 Worker 990220668
189 189 4 Worker 927461636
190 190 4 Worker 553945433
191 191 4 Worker 672155810
192 192 4 Worker 128829111
193 193 4 Worker 112641556
194 194 4 Worker 843806055
195 195 4 Worker 900989323
196 196 4 Worker 974485750
197 197 4 Worker 569408592
198 198 4 Worker 221899060
199 199 4 Worker 791450127
200 200 4 Worker 70408522
201 201 4 Worker 988135233
202 202 4 Worker 773028062
203 203 4 Worker 655321235
204 204 4 Worker 644579716
205 205 4 Worker 183205201
206 206 4 Worker 2689099
207 207 4 Worker 548415963
208 208 4 Worker 208438056
209 209 4 Worker 233484568
210 210 4 Worker 546888559
211 211 4 Worker 850282707
212 212 4 Worker 15023386
213 213 4 Worker 248283723
214 214 4 Worker 910742073
215 215 4 Worker 241230007
216 216 4 Worker 587200103
217 217 4 Worker 520736304
218 218 4 Worker 615394087
219 219 4 Worker 560115100
220 220 4 Worker 943079649
221 221 4 Worker 270823663
222 222 4 Worker 205965857
223 223 4 Worker 849050855
224 224 4 Worker 452288581
225 225 4 Worker 859144162
226 226 4 Worker 781096138
227 227 4 Worker 223135297
228 228 4 Worker 640665470
229 229 4 Worker 972585522
230 230 4 Worker 945082487
231 231 4 Worker 32049605
232 232 4 Worker 416721673
233 233 4 Worker 112009602
234 234 4 Worker 501777337
235 235 4 Worker 84048795
236 236 4 Worker 276215147
237 237 4 Worker 310756227
238 238 4 Worker 689540010
239 239 4 Worker 388816814
240 240 4 Worker 557330112
241 241 4 Worker 689129657
242 242 4 Worker 381847458
243 243 4 Worker 888458237
244 244 4 Worker 378649306
245 245 4 Worker 190132031
246 246 4 Worker 168906500
247 247 4 Worker 297518363
248 248 4 Worker 383887157
249 249 4 Worker 178228005
250 250 4 Worker 227568895
251 251 4 Worker 570857223
252 252 4 Worker 513638560
253 253 4 Worker 840160432
254 254 4 Worker 350673876
255 255 4 Worker 293717343
