0 0 -1 Splicer 435586237
1 1 0 Worker 857831629
2 2 -1 PersistentDB 179358041
3 3 -1 InMemoryDB 181124890
4 4 -1 WorkManager 743944668
5 5 4 Worker 617784852
6 6 4 Worker 931688037
7 7 4 Worker 646474205
8 8 4 Worker 563443665
9 9 4 Worker 890366642
10 10 4 Worker 11908370
11 11 4 Worker 231932562
12 12 4 Worker 737484695
13 13 4 Worker 342689533
14 14 4 Worker 40223836
15 15 4 Worker 458658953
16 16 4 Worker 826068041
17 17 4 Worker 518457167
18 18 4 Worker 360508634
19 19 4 Worker 964346698
20 20 4 Worker 885324815
21 21 4 Worker 921557373
22 22 4 Worker 900600743
23 23 4 Worker 116979997
24 24 4 Worker 284685533
25 25 4 Worker 525302550
26 26 4 Worker 891559257
27 27 4 Worker 680640911
28 28 4 Worker 666543659
29 29 4 Worker 230550306
30 30 4 Worker 446211207
31 31 4 Worker 611293295
32 32 4 Worker 42226600
33 33 4 Worker 434973120
34 34 4 Worker 992975198
35 35 4 Worker 567956359
36 36 4 Worker 690920295
37 37 4 Worker 359432934
38 38 4 Worker 155551025
39 39 4 Worker 806751749
40 40 4 Worker 176592608
41 41 4 Worker 837767182
42 42 4 Worker 994712560
43 43 4 Worker 837568725
44 44 4 Worker 560575166
45 45 4 Worker 154874437
46 46 4 Worker 171630961
47 47 4 Worker 853677818
48 48 4 Worker 301936110
49 49 4 Worker 92578344
50 50 4 Worker 954463264
51 51 4 Worker 477055062
52 52 4 Worker 344259502
53 53 4 Worker 644730100
54 54 4 Worker 40714559
55 55 4 Worker 439358083
56 56 4 Worker 456759571
57 57 4 Worker 967781010
58 58 4 Worker 817123270
59 59 4 Worker 542475929
60 60 4 Worker 51496336
61 61 4 Worker 209743777
62 62 4 Worker 653624334
63 63 4 Worker 22628942
64 64 4 Worker 487685047
65 65 4 Worker 101384836
66 66 4 Worker 512386068
67 67 4 Worker 62317264
68 68 4 Worker 461280022
69 69 4 Worker 27951920
70 70 4 Worker 157285846
71 71 4 Worker 417783095
72 72 4 Worker 730032184
73 73 4 Worker 697280908
74 74 4 Worker 153756981
75 75 4 Worker 215929224
76 76 4 Worker 299025802
77 77 4 Worker 17163628
78 78 4 Worker 37100531
79 79 4 Worker 236891333
80 80 4 Worker 168105380
81 81 4 Worker 653027655
82 82 4 Worker 394225225
83 83 4 Worker 284317070
84 84 4 Worker 811013934
85 85 4 Worker 522295581
86 86 4 Worker 49284239
87 87 4 Worker 757177016
88 88 4 Worker 465676680
89 89 4 Worker 421567703
90 90 4 Worker 622252857
91 91 4 Worker 663580927
92 92 4 Worker 824179986
93 93 4 Worker 384393206
94 94 4 Worker 185910509
95 95 4 Worker 123667141
96 96 4 Worker 397836144
97 97 4 Worker 448231605
98 98 4 Worker 157283599
99 99 4 Worker 659080391
100 100 4 Worker 348565488
101 101 4 Worker 861671248
102 102 4 Worker 688515362
103 103 4 Worker 666419485
104 104 4 Worker 420316582
105 105 4 Worker 82584155
106 106 4 Worker 330698880
107 107 4 Worker 621649080
108 108 4 Worker 293526992
109 109 4 Worker 558087261
110 110 4 Worker 838518536
111 111 4 Worker 555344639
112 112 4 Worker 404566783
113 113 4 Worker 501555161
114 114 4 Worker 598902193
115 115 4 Worker 856397363
116 116 4 Worker 121931310
117 117 4 Worker 516681772
118 118 4 Worker 642745034
119 119 4 Worker 814704641
120 120 4 Worker 207112603
121 121 4 Worker 974446008
122 122 4 Worker 367202348
123 123 4 Worker 814582417
124 124 4 Worker 546166406
125 125 4 Worker 70136851
126 126 4 Worker 855580996
127 127 4 Worker 453097785
128 128 4 Worker 239931518
129 129 4 Worker 346172442
130 130 4 Worker 388375208
131 131 4 Worker 820436523
132 132 4 Worker 649719200
133 133 4 Worker 809777541
134 134 4 Worker 800016018
135 135 4 Worker 716947657
136 136 4 Worker 521366646
137 137 4 Worker 640682999
138 138 4 Worker 935201239
139 139 4 Worker 872535483
140 140 4 Worker 981801552
141 141 4 Worker 594131271
142 142 4 Worker 198636266
143 143 4 Worker 640709092
144 144 4 Worker 418139934
145 145 4 Worker 258880620
146 146 4 Worker 967008583
147 147 4 Worker 32864657
148 148 4 Worker 62221408
149 149 4 Worker 248385521
150 150 4 Worker 792209292
151 151 4 Worker 560371290
152 152 4 Worker 641846203
153 153 4 Worker 747666502
154 154 4 Worker 184922955
155 155 4 Worker 957514465
156 156 4 Worker 86478911
157 157 4 Worker 98842580
158 158 4 Worker 487950282
159 159 4 Worker 565161147
160 160 4 Worker 835095496
161 161 4 Worker 426989027
162 162 4 Worker 248673642
163 163 4 Worker 510062974
164 164 4 Worker 519412215
165 165 4 Worker 321516480
166 166 4 Worker 626662529
167 167 4 Worker 780743527
168 168 4 Worker 125078139
169 169 4 Worker 35032118
170 170 4 Worker 920033105
171 171 4 Worker 716930652
172 172 4 Worker 861373778
173 173 4 Worker 314590815
174 174 4 Worker 817929125
175 175 4 Worker 943718300
176 176 4 Worker 305405897
177 177 4 Worker 775184745
178 178 4 Worker 521038021
179 179 4 Worker 592233845
180 180 4 Worker 710044495
181 181 4 Worker 230555686
182 182 4 Worker 398571756
183 183 4 Worker 496642638
184 184 4 Worker 100179119
185 185 4 Worker 778336361
186 186 4 Worker 200967625
187 187 4 Worker 302420712
188 188 4 Worker 220534488
189 189 4 Worker 375371241
190 190 4 Worker 351455023
191 191 4 Worker 313411082
192 192 4 Worker 821146193
193 193 4 Worker 599982896
194 194 4 Worker 451328815
195 195 4 Worker 100193446
196 196 4 Worker 476922738
197 197 4 Worker 508328833
198 198 4 Worker 913563363
199 199 4 Worker 77328303
200 200 4 Worker 428140905
201 201 4 Worker 860404817
202 202 4 Worker 323549400
203 203 4 Worker 435513608
204 204 4 Worker 641902160
205 205 4 Worker 508230532
206 206 4 Worker 395525330
207 207 4 Worker 216796072
208 208 4 Worker 959800330
209 209 4 Worker 325074451
210 210 4 Worker 636347189
211 211 4 Worker 525527288
212 212 4 Worker 122843060
213 213 4 Worker 845407370
214 214 4 Worker 762080305
215 215 4 Worker 140093334
216 216 4 Worker 928365006
217 217 4 Worker 640039681
218 218 4 Worker 81758013
219 219 4 Worker 558851902
220 220 4 Worker 920637684
221 221 4 Worker 600504573
222 222 4 Worker 580551851
223 223 4 Worker 751238343
224 224 4 Worker 842666821
225 225 4 Worker 121741118
226 226 4 Worker 816653177
227 227 4 Worker 445574595
228 228 4 Worker 440631317
229 229 4 Worker 281868921
230 230 4 Worker 23095080
231 231 4 Worker 356609502
232 232 4 Worker 561065231
233 233 4 Worker 359412992
234 234 4 Worker 99315830
235 235 4 Worker 265073670
236 236 4 Worker 481587050
237 237 4 Worker 579804047
238 238 4 Worker 254275080
239 239 4 Worker 325347700
240 240 4 Worker 678155608
241 241 4 Worker 890638965
242 242 4 Worker 947115665
243 243 4 Worker 861376538
244 244 4 Worker 560663967
245 245 4 Worker 185385900
246 246 4 Worker 459730845
247 247 4 Worker 214856606
248 248 4 Worker 895321615
249 249 4 Worker 275881190
250 250 4 Worker 824574432
251 251 4 Worker 290980409
252 252 4 Worker 98817450
253 253 4 Worker 48899961
254 254 4 Worker 339009081
255 255 4 Worker 62879355
