0 0 -1 Splicer 235127850
1 1 0 Worker 585148696
2 2 -1 PersistentDB 692666025
3 3 -1 InMemoryDB 353023049
4 4 -1 WorkManager 823292378
5 5 4 Worker 329817801
6 6 4 Worker 40951581
7 7 4 Worker 32802964
8 8 4 Worker 569489076
9 9 4 Worker 194128508
10 10 4 Worker 103558174
11 11 4 Worker 889990703
12 12 4 Worker 516496098
13 13 4 Worker 812501689
14 14 4 Worker 933616950
15 15 4 Worker 410995102
16 16 4 Worker 798914687
17 17 4 Worker 898860425
18 18 4 Worker 116650374
19 19 4 Worker 597837206
20 20 4 Worker 426154658
21 21 4 Worker 337889061
22 22 4 Worker 352559045
23 23 4 Worker 526695615
24 24 4 Worker 369591587
25 25 4 Worker 382888552
26 26 4 Worker 208567630
27 27 4 Worker 962174230
28 28 4 Worker 512828247
29 29 4 Worker 778820318
30 30 4 Worker 888312792
31 31 4 Worker 196834551
32 32 4 Worker 537784094
33 33 4 Worker 939467437
34 34 4 Worker 394593499
35 35 4 Worker 29720608
36 36 4 Worker 714722917
37 37 4 Worker 638217886
38 38 4 Worker 931581375
39 39 4 Worker 293918543
40 40 4 Worker 647236027
41 41 4 Worker 704969451
42 42 4 Worker 742256775
43 43 4 Worker 830843030
44 44 4 Worker 196149827
45 45 4 Worker 487232281
46 46 4 Worker 713363505
47 47 4 Worker 429491451
48 48 4 Worker 677232448
49 49 4 Worker 757670760
50 50 4 Worker 893734651
51 51 4 Worker 437397352
52 52 4 Worker 306169293
53 53 4 Worker 692393792
54 54 4 Worker 984574887
55 55 4 Worker 206287627
56 56 4 Worker 138456308
57 57 4 Worker 87328587
58 58 4 Worker 461502829
59 59 4 Worker 453054381
60 60 4 Worker 651008380
61 61 4 Worker 554182975
62 62 4 Worker 432110581
63 63 4 Worker 867363177
64 64 4 Worker 982080638
65 65 4 Worker 768865199
66 66 4 Worker 173228308
67 67 4 Worker 833033898
68 68 4 Worker 812541695
69 69 4 Worker 682715233
70 70 4 Worker 514842055
71 71 4 Worker 994936428
72 72 4 Worker 681897922
73 73 4 Worker 467612282
74 74 4 Worker 613187256
75 75 4 Worker 778604012
76 76 4 Worker 484894205
77 77 4 Worker 400639312
78 78 4 Worker 970625283
79 79 4 Worker 35128305
80 80 4 Worker 902603016
81 81 4 Worker 309274707
82 82 4 Worker 978389911
83 83 4 Worker 303769130
84 84 4 Worker 967833605
85 85 4 Worker 361946957
86 86 4 Worker 403376719
87 87 4 Worker 260144721
88 88 4 Worker 394622944
89 89 4 Worker 36809187
90 90 4 Worker 916324467
91 91 4 Worker 826944755
92 92 4 Worker 506739469
93 93 4 Worker 455138928
94 94 4 Worker 587788043
95 95 4 Worker 855039848
96 96 4 Worker 865778248
97 97 4 Worker 736965048
98 98 4 Worker 680775557
99 99 4 Worker 769480784
100 100 4 Worker 82253144
101 101 4 Worker 159673216
102 102 4 Worker 9060688
103 103 4 Worker 881944460
104 104 4 Worker 706911817
105 105 4 Worker 954754716
106 106 4 Worker 621161506
107 107 4 Worker 773317482
108 108 4 Worker 718618161
109 109 4 Worker 52098465
110 110 4 Worker 837367256
111 111 4 Worker 571126670
112 112 4 Worker 833865665
113 113 4 Worker 866355197
114 114 4 Worker 888921442
115 115 4 Worker 681499407
116 116 4 Worker 916293638
117 117 4 Worker 859468448
118 118 4 Worker 29192645
119 119 4 Worker 406902671
120 120 4 Worker 828649528
121 121 4 Worker 948726632
122 122 4 Worker 671872801
123 123 4 Worker 461383708
124 124 4 Worker 272300028
125 125 4 Worker 984324283
126 126 4 Worker 348097575
127 127 4 Worker 959893056
128 128 4 Worker 572347649
129 129 4 Worker 708961819
130 130 4 Worker 354143889
131 131 4 Worker 367104911
132 132 4 Worker 860623031
133 133 4 Worker 763674142
134 134 4 Worker 562204485
135 135 4 Worker 14120820
136 136 4 Worker 495758779
137 137 4 Worker 84493079
138 138 4 Worker 68334823
139 139 4 Worker 54034914
140 140 4 Worker 439402764
141 141 4 Worker 628677269
142 142 4 Worker 755586993
143 143 4 Worker 9780470
144 144 4 Worker 356520051
145 145 4 Worker 594693368
146 146 4 Worker 587282061
147 147 4 Worker 732660060
148 148 4 Worker 840730183
149 149 4 Worker 318221442
150 150 4 Worker 286232711
151 151 4 Worker 114798070
152 152 4 Worker 811474110
153 153 4 Worker 219357778
154 154 4 Worker 23328422
155 155 4 Worker 845295366
156 156 4 Worker 407799896
157 157 4 Worker 819352203
158 158 4 Worker 756486242
159 159 4 Worker 652085559
160 160 4 Worker 290144105
161 161 4 Worker 448767807
162 162 4 Worker 113029540
163 163 4 Worker 363219661
164 164 4 Worker 739417959
165 165 4 Worker 72539502
166 166 4 Worker 183858652
167 167 4 Worker 752400274
168 168 4 Worker 374843398
169 169 4 Worker 212508090
170 170 4 Worker 244910935
171 171 4 Worker 570412704
172 172 4 Worker 742924051
173 173 4 Worker 850828365
174 174 4 Worker 171656492
175 175 4 Worker 517469646
176 176 4 Worker 352760315
177 177 4 Worker 121668743
178 178 4 Worker 576232683
179 179 4 Worker 842843707
180 180 4 Worker 141943151
181 181 4 Worker 594131005
182 182 4 Worker 656544414
183 183 4 Worker 373350972
184 184 4 Worker 740099103
185 185 4 Worker 675559561
186 186 4 Worker 856780698
187 187 4 Worker 809578197
188 188 4 Worker 74268061
189 189 4 Worker 527447306
190 190 4 Worker 423551173
191 191 4 Worker 272666977
192 192 4 Worker 247412832
193 193 4 Worker 718150084
194 194 4 Worker 991831870
195 195 4 Worker 289295960
196 196 4 Worker 5637252
197 197 4 Worker 801027886
198 198 4 Worker 896715502
199 199 4 Worker 664636308
200 200 4 Worker 948351037
201 201 4 Worker 388738368
202 202 4 Worker 931767009
203 203 4 Worker 760701288
204 204 4 Worker 123165692
205 205 4 Worker 38539985
206 206 4 Worker 106969275
207 207 4 Worker 607300129
208 208 4 Worker 971962508
209 209 4 Worker 748817054
210 210 4 Worker 127036270
211 211 4 Worker 670851483
212 212 4 Worker 589926226
213 213 4 Worker 996713331
214 214 4 Worker 644816846
215 215 4 Worker 917597784
216 216 4 Worker 893009113
217 217 4 Worker 829693918
218 218 4 Worker 748869777
219 219 4 Worker 895044315
220 220 4 Worker 417336535
221 221 4 Worker 235794653
222 222 4 Worker 952599950
223 223 4 Worker 756998737
224 224 4 Worker 505419908
225 225 4 Worker 133584378
226 226 4 Worker 882686200
227 227 4 Worker 666925152
228 228 4 Worker 879905788
229 229 4 Worker 412474153
230 230 4 Worker 207907163
231 231 4 Worker 241448625
232 232 4 Worker 389944853
233 233 4 Worker 407737090
234 234 4 Worker 336679035
235 235 4 Worker 864845610
236 236 4 Worker 951317163
237 237 4 Worker 955149895
238 238 4 Worker 764625603
239 239 4 Worker 964619881
240 240 4 Worker 349904985
241 241 4 Worker 257710832
242 242 4 Worker 889218580
243 243 4 Worker 631668245
244 244 4 Worker 394429801
245 245 4 Worker 985732155
246 246 4 Worker 289397204
247 247 4 Worker 711260510
248 248 4 Worker 840823510
249 249 4 Worker 798189614
250 250 4 Worker 474942419
251 251 4 Worker 821770453
252 252 4 Worker 66386869
253 253 4 Worker 741438408
254 254 4 Worker 932205058
255 255 4 Worker 976422242
