0 0 -1 Splicer 446375649
1 1 0 Worker 854805112
2 2 -1 PersistentDB 446726649
3 3 -1 InMemoryDB 70301711
4 4 -1 WorkManager 143814379
5 5 4 Worker 303059401
6 6 4 Worker 743286920
7 7 4 Worker 430115410
8 8 4 Worker 336590590
9 9 4 Worker 515203005
10 10 4 Worker 112557888
11 11 4 Worker 996298730
12 12 4 Worker 213767793
13 13 4 Worker 19100774
14 14 4 Worker 686999913
15 15 4 Worker 431579868
16 16 4 Worker 687451605
17 17 4 Worker 400830333
18 18 4 Worker 603600538
19 19 4 Worker 624306011
20 20 4 Worker 673330759
21 21 4 Worker 674145616
22 22 4 Worker 310935008
23 23 4 Worker 221942623
24 24 4 Worker 944316479
25 25 4 Worker 846727038
26 26 4 Worker 481007393
27 27 4 Worker 557471904
28 28 4 Worker 262935248
29 29 4 Worker 702360538
30 30 4 Worker 711742412
31 31 4 Worker 879858107
32 32 4 Worker 194940534
33 33 4 Worker 508589418
34 34 4 Worker 900222002
35 35 4 Worker 252587261
36 36 4 Worker 74695090
37 37 4 Worker 282912880
38 38 4 Worker 711417252
39 39 4 Worker 587831000
40 40 4 Worker 448615504
41 41 4 Worker 208385190
42 42 4 Worker 844359567
43 43 4 Worker 299433751
44 44 4 Worker 422835963
45 45 4 Worker 909913961
46 46 4 Worker 241976905
47 47 4 Worker 14482145
48 48 4 Worker 375221480
49 49 4 Worker 501879364
50 50 4 Worker 517024960
51 51 4 Worker 719870701
52 52 4 Worker 731229936
53 53 4 Worker 18389700
54 54 4 Worker 311269031
55 55 4 Worker 406404523
56 56 4 Worker 693877348
57 57 4 Worker 852787576
58 58 4 Worker 985407858
59 59 4 Worker 739522962
60 60 4 Worker 727144980
61 61 4 Worker 199724120
62 62 4 Worker 869291488
63 63 4 Worker 611401880
64 64 4 Worker 398187209
65 65 4 Worker 213916803
66 66 4 Worker 394403624
67 67 4 Worker 680939258
68 68 4 Worker 662494782
69 69 4 Worker 775284432
70 70 4 Worker 358341509
71 71 4 Worker 528000228
72 72 4 Worker 553056228
73 73 4 Worker 712695828
74 74 4 Worker 27754442
75 75 4 Worker 518333546
76 76 4 Worker 55124605
77 77 4 Worker 509861594
78 78 4 Worker 837258978
79 79 4 Worker 115030014
80 80 4 Worker 708466935
81 81 4 Worker 248993421
82 82 4 Worker 882568040
83 83 4 Worker 972027907
84 84 4 Worker 287880608
85 85 4 Worker 267620086
86 86 4 Worker 963779194
87 87 4 Worker 350189908
88 88 4 Worker 929314330
89 89 4 Worker 440889683
90 90 4 Worker 906662904
91 91 4 Worker 170743540
92 92 4 Worker 967355969
93 93 4 Worker 397045445
94 94 4 Worker 717216196
95 95 4 Worker 936340091
96 96 4 Worker 298980524
97 97 4 Worker 225256986
98 98 4 Worker 578016001
99 99 4 Worker 252647882
100 100 4 Worker 976117683
101 101 4 Worker 638380395
102 102 4 Worker 240057241
103 103 4 Worker 273005187
104 104 4 Worker 956418663
105 105 4 Worker 92881135
106 106 4 Worker 601028104
107 107 4 Worker 766287432
108 108 4 Worker 940191845
109 109 4 Worker 949165641
110 110 4 Worker 357585053
111 111 4 Worker 512613665
112 112 4 Worker 216070471
113 113 4 Worker 965815923
114 114 4 Worker 121237197
115 115 4 Worker 741198973
116 116 4 Worker 180082824
117 117 4 Worker 303782394
118 118 4 Worker 616589862
119 119 4 Worker 492658772
120 120 4 Worker 637449613
121 121 4 Worker 299937793
122 122 4 Worker 735996215
123 123 4 Worker 162441659
124 124 4 Worker 964842461
125 125 4 Worker 713646743
126 126 4 Worker 597179458
127 127 4 Worker 242873712
128 128 4 Worker 285595885
129 129 4 Worker 580933289
130 130 4 Worker 921412142
131 131 4 Worker 830640670
132 132 4 Worker 789421807
133 133 4 Worker 435938189
134 134 4 Worker 617615068
135 135 4 Worker 809944022
136 136 4 Worker 369547622
137 137 4 Worker 832931181
138 138 4 Worker 237491578
139 139 4 Worker 657006068
140 140 4 Worker 479654718
141 141 4 Worker 817475369
142 142 4 Worker 955034876
143 143 4 Worker 276998102
144 144 4 Worker 378971050
145 145 4 Worker 565962294
146 146 4 Worker 727591523
147 147 4 Worker 681018587
148 148 4 Worker 476225672
149 149 4 Worker 108685732
150 150 4 Worker 410602397
151 151 4 Worker 665072558
152 152 4 Worker 886448036
153 153 4 Worker 64774690
154 154 4 Worker 737832823
155 155 4 Worker 922644643
156 156 4 Worker 364092763
157 157 4 Worker 119438840
158 158 4 Worker 822133316
159 159 4 Worker 146741010
160 160 4 Worker 384469867
161 161 4 Worker 798178976
162 162 4 Worker 613624965
163 163 4 Worker 664701333
164 164 4 Worker 177352677
165 165 4 Worker 927203834
166 166 4 Worker 286851262
167 167 4 Worker 116832324
168 168 4 Worker 334883468
169 169 4 Worker 571294944
170 170 4 Worker 158421483
171 171 4 Worker 520726733
172 172 4 Worker 400402495
173 173 4 Worker 223041810
174 174 4 Worker 811345755
175 175 4 Worker 703627347
176 176 4 Worker 343580707
177 177 4 Worker 889662662
178 178 4 Worker 457294822
179 179 4 Worker 329896754
180 180 4 Worker 90909999
181 181 4 Worker 6019428
182 182 4 Worker 946302758
183 183 4 Worker 478892076
184 184 4 Worker 247493418
185 185 4 Worker 539222518
186 186 4 Worker 937896955
187 187 4 Worker 545032492
188 188 4 Worker 356322532
189 189 4 Worker 692096546
190 190 4 Worker 428345770
191 191 4 Worker 28194978
192 192 4 Worker 173240356
193 193 4 Worker 915672835
194 194 4 Worker 92148746
195 195 4 Worker 969627731
196 196 4 Worker 354177860
197 197 4 Worker 928436538
198 198 4 Worker 8327364
199 199 4 Worker 813588734
200 200 4 Worker 607514829
201 201 4 Worker 368953068
202 202 4 Worker 257768451
203 203 4 Worker 279315927
204 204 4 Worker 665793801
205 205 4 Worker 503958274
206 206 4 Worker 368592773
207 207 4 Worker 409999266
208 208 4 Worker 771858267
209 209 4 Worker 935303564
210 210 4 Worker 904511392
211 211 4 Worker 67965757
212 212 4 Worker 937929983
213 213 4 Worker 86463483
214 214 4 Worker 8000630
215 215 4 Worker 143078031
216 216 4 Worker 220721154
217 217 4 Worker 40870047
218 218 4 Worker 976258119
219 219 4 Worker 240191368
220 220 4 Worker 765416182
221 221 4 Worker 292134872
222 222 4 Worker 995384620
223 223 4 Worker 622181606
224 224 4 Worker 225160540
225 225 4 Worker 771704025
226 226 4 Worker 588387562
227 227 4 Worker 185094741
228 228 4 Worker 963718318
229 229 4 Worker 24798838
230 230 4 Worker 874094845
231 231 4 Worker 974396087
232 232 4 Worker 560009427
233 233 4 Worker 138732992
234 234 4 Worker 482309433
235 235 4 Worker 263117297
236 236 4 Worker 892008318
237 237 4 Worker 738795381
238 238 4 Worker 216583694
239 239 4 Worker 586309173
240 240 4 Worker 644486755
241 241 4 Worker 931500377
242 242 4 Worker 944119641
243 243 4 Worker 233062684
244 244 4 Worker 586474891
245 245 4 Worker 725108227
246 246 4 Worker 215661727
247 247 4 Worker 50466305
248 248 4 Worker 642255006
249 249 4 Worker 770017172
250 250 4 Worker 289048628
251 251 4 Worker 74296750
252 252 4 Worker 911322954
253 253 4 Worker 990261367
254 254 4 Worker 165671112
255 255 4 Worker 93675266
