0 0 -1 Splicer 595243418
1 1 0 Worker 199457880
2 2 -1 PersistentDB 143495998
3 3 -1 InMemoryDB 864906751
4 4 -1 WorkManager 402062623
5 5 4 Worker 39352321
6 6 4 Worker 428797215
7 7 4 Worker 773612071
8 8 4 Worker 270063827
9 9 4 Worker 731067993
10 10 4 Worker 379371067
11 11 4 Worker 970134294
12 12 4 Worker 557997478
13 13 4 Worker 920421062
14 14 4 Worker 556195397
15 15 4 Worker 624686594
16 16 4 Worker 349055725
17 17 4 Worker 353399669
18 18 4 Worker 661246788
19 19 4 Worker 914652824
20 20 4 Worker 643450333
21 21 4 Worker 55163922
22 22 4 Worker 409755417
23 23 4 Worker 968525417
24 24 4 Worker 645325883
25 25 4 Worker 749996419
26 26 4 Worker 512823626
27 27 4 Worker 1446487
28 28 4 Worker 305358493
29 29 4 Worker 868146530
30 30 4 Worker 77449164
31 31 4 Worker 513358360
32 32 4 Worker 171771833
33 33 4 Worker 475769320
34 34 4 Worker 523522970
35 35 4 Worker 232571851
36 36 4 Worker 387243003
37 37 4 Worker 727135278
38 38 4 Worker 369647850
39 39 4 Worker 63206706
40 40 4 Worker 43430963
41 41 4 Worker 182904058
42 42 4 Worker 699095640
43 43 4 Worker 13546302
44 44 4 Worker 808032051
45 45 4 Worker 450554896
46 46 4 Worker 404616199
47 47 4 Worker 776866895
48 48 4 Worker 927618611
49 49 4 Worker 877019876
50 50 4 Worker 577194038
51 51 4 Worker 47298502
52 52 4 Worker 971896472
53 53 4 Worker 822148767
54 54 4 Worker 763724933
55 55 4 Worker 721717103
56 56 4 Worker 411259761
57 57 4 Worker 968855513
58 58 4 Worker 684703047
59 59 4 Worker 708413639
60 60 4 Worker 218409089
61 61 4 Worker 514185467
62 62 4 Worker 593535322
63 63 4 Worker 119642176
64 64 4 Worker 770399354
65 65 4 Worker 384001580
66 66 4 Worker 925431869
67 67 4 Worker 912071639
68 68 4 Worker 348724332
69 69 4 Worker 523307682
70 70 4 Worker 829187072
71 71 4 Worker 160433209
72 72 4 Worker 546272523
73 73 4 Worker 891217840
74 74 4 Worker 883656884
75 75 4 Worker 613468886
76 76 4 Worker 71708669
77 77 4 Worker 140412378
78 78 4 Worker 271532973
79 79 4 Worker 827930678
80 80 4 Worker 284094723
81 81 4 Worker 569339548
82 82 4 Worker 589161319
83 83 4 Worker 174912480
84 84 4 Worker 40363826
85 85 4 Worker 621997690
86 86 4 Worker 869452396
87 87 4 Worker 48760620
88 88 4 Worker 677434918
89 89 4 Worker 933471953
90 90 4 Worker 455774048
91 91 4 Worker 722691417
92 92 4 Worker 564875534
93 93 4 Worker 474608480
94 94 4 Worker 969738137
95 95 4 Worker 209591636
96 96 4 Worker 971827790
97 97 4 Worker 721015124
98 98 4 Worker 688572517
99 99 4 Worker 632372835
100 100 4 Worker 938348569
101 101 4 Worker 545969067
102 102 4 Worker 382236366
103 103 4 Worker 869578964
104 104 4 Worker 569359569
105 105 4 Worker 991805184
106 106 4 Worker 264942516
107 107 4 Worker 469400266
108 108 4 Worker 31721362
109 109 4 Worker 899897909
110 110 4 Worker 481340971
111 111 4 Worker 669841196
112 112 4 Worker 120322064
113 113 4 Worker 971510473
114 114 4 Worker 785000097
115 115 4 Worker 713415036
116 116 4 Worker 381929562
117 117 4 Worker 405863238
118 118 4 Worker 245790552
119 119 4 Worker 359575392
120 120 4 Worker 583633755
121 121 4 Worker 32218777
122 122 4 Worker 990796936
123 123 4 Worker 560707881
124 124 4 Worker 922525040
125 125 4 Worker 665366423
126 126 4 Worker 712041184
127 127 4 Worker 655163023
128 128 4 Worker 909538828
129 129 4 Worker 953244601
130 130 4 Worker 768704772
131 131 4 Worker 27369394
132 132 4 Worker 963946886
133 133 4 Worker 928152890
134 134 4 Worker 119116830
135 135 4 Worker 848979474
136 136 4 Worker 808739790
137 137 4 Worker 533986236
138 138 4 Worker 563314534
139 139 4 Worker 711595793
140 140 4 Worker 627752977
141 141 4 Worker 633292780
142 142 4 Worker 549737583
143 143 4 Worker 634896993
144 144 4 Worker 693956285
145 145 4 Worker 129763694
146 146 4 Worker 870294522
147 147 4 Worker 445638350
148 148 4 Worker 371506737
149 149 4 Worker 562510255
150 150 4 Worker 813516396
151 151 4 Worker 197069693
152 152 4 Worker 882619596
153 153 4 Worker 542651334
154 154 4 Worker 600651944
155 155 4 Worker 562143801
156 156 4 Worker 385725022
157 157 4 Worker 486426346
158 158 4 Worker 136178611
159 159 4 Worker 880671528
160 160 4 Worker 463831030
161 161 4 Worker 181560336
162 162 4 Worker 147730392
163 163 4 Worker 599006203
164 164 4 Worker 414087197
165 165 4 Worker 271679263
166 166 4 Worker 964745147
167 167 4 Worker 385891840
168 168 4 Worker 237941615
169 169 4 Worker 930675651
170 170 4 Worker 187777270
171 171 4 Worker 22260357
172 172 4 Worker 354887388
173 173 4 Worker 693742001
174 174 4 Worker 884999090
175 175 4 Worker 655408719
176 176 4 Worker 187599134
177 177 4 Worker 845100223
178 178 4 Worker 680604234
179 179 4 Worker 693525459
180 180 4 Worker 66049796
181 181 4 Worker 420892936
182 182 4 Worker 689653159
183 183 4 Worker 253245897
184 184 4 Worker 346223128
185 185 4 Worker 600784770
186 186 4 Worker 948050170
187 187 4 Worker 40240633
188 188 4 Worker 257862168
189 189 4 Worker 529491035
190 190 4 Worker 106561235
191 191 4 Worker 956426077
192 192 4 Worker 772917631
193 193 4 Worker 695136419
194 194 4 Worker 256661273
195 195 4 Worker 911030404
196 196 4 Worker 855929578
197 197 4 Worker 252159317
198 198 4 Worker 834788562
199 199 4 Worker 682124915
200 200 4 Worker 136004174
201 201 4 Worker 670307726
202 202 4 Worker 687470560
203 203 4 Worker 804187399
204 204 4 Worker 362650466
205 205 4 Worker 982016024
206 206 4 Worker 8895637
207 207 4 Worker 95467356
208 208 4 Worker 601609432
209 209 4 Worker 273274353
210 210 4 Worker 405510133
211 211 4 Worker 925154037
212 212 4 Worker 921346599
213 213 4 Worker 656385780
214 214 4 Worker 113863410
215 215 4 Worker 825442490
216 216 4 Worker 746598771
217 217 4 Worker 905528619
218 218 4 Worker 249690862
219 219 4 Worker 463921713
220 220 4 Worker 824249090
221 221 4 Worker 44024023
222 222 4 Worker 107857840
223 223 4 Worker 868951802
224 224 4 Worker 207910683
225 225 4 Worker 797961146
226 226 4 Worker 921303387
227 227 4 Worker 276452609
228 228 4 Worker 767059358
229 229 4 Worker 430549247
230 230 4 Worker 937483032
231 231 4 Worker 90096115
232 232 4 Worker 214985229
233 233 4 Worker 294420724
234 234 4 Worker 819779469
235 235 4 Worker 998333822
236 236 4 Worker 876878155
237 237 4 Worker 880997257
238 238 4 Worker 291315627
239 239 4 Worker 769852129
240 240 4 Worker 360623382
241 241 4 Worker 510272431
242 242 4 Worker 787838384
243 243 4 Worker 251811189
244 244 4 Worker 309478120
245 245 4 Worker 8996820
246 246 4 Worker 684434594
247 247 4 Worker 3181888
248 248 4 Worker 935216493
249 249 4 Worker 145822765
250 250 4 Worker 619120618
251 251 4 Worker 405488558
252 252 4 Worker 565070283
253 253 4 Worker 238482554
254 254 4 Worker 500318470
255 255 4 Worker 489262001
