0 0 -1 Splicer 877857189
1 1 0 Worker 877156169
2 2 -1 PersistentDB 863134544
3 3 -1 InMemoryDB 797949913
4 4 -1 WorkManager 439962579
5 5 4 Worker 182039675
6 6 4 Worker 479606993
7 7 4 Worker 609710514
8 8 4 Worker 322454358
9 9 4 Worker 59230615
10 10 4 Worker 551426365
11 11 4 Worker 219762261
12 12 4 Worker 511799123
13 13 4 Worker 855353883
14 14 4 Worker 872183053
15 15 4 Worker 585587482
16 16 4 Worker 705709309
17 17 4 Worker 939214604
18 18 4 Worker 764878202
19 19 4 Worker 638506089
20 20 4 Worker 255201742
21 21 4 Worker 929920865
22 22 4 Worker 332537816
23 23 4 Worker 787385676
24 24 4 Worker 212615202
25 25 4 Worker 408397838
26 26 4 Worker 693748912
27 27 4 Worker 180814870
28 28 4 Worker 952130085
29 29 4 Worker 683028095
30 30 4 Worker 797186798
31 31 4 Worker 841784698
32 32 4 Worker 897766920
33 33 4 Worker 829364563
34 34 4 Worker 955108012
35 35 4 Worker 885789560
36 36 4 Worker 666446799
37 37 4 Worker 141412585
38 38 4 Worker 318187524
39 39 4 Worker 180717152
40 40 4 Worker 532187079
41 41 4 Worker 143781497
42 42 4 Worker 697691507
43 43 4 Worker 115777826
44 44 4 Worker 667279950
45 45 4 Worker 549850254
46 46 4 Worker 928209176
47 47 4 Worker 363007135
48 48 4 Worker 809179227
49 49 4 Worker 804650366
50 50 4 Worker 538521401
51 51 4 Worker 978183032
52 52 4 Worker 741032727
53 53 4 Worker 774682966
54 54 4 Worker 895019191
55 55 4 Worker 485402638
56 56 4 Worker 776811835
57 57 4 Worker 866040212
58 58 4 Worker 273045341
59 59 4 Worker 832785602
60 60 4 Worker 612533350
61 61 4 Worker 499717280
62 62 4 Worker 245600987
63 63 4 Worker 173237613
64 64 4 Worker 769778433
65 65 4 Worker 767625945
66 66 4 Worker 382395111
67 67 4 Worker 159822108
68 68 4 Worker 199214976
69 69 4 Worker 604326889
70 70 4 Worker 297067089
71 71 4 Worker 951585070
72 72 4 Worker 850188321
73 73 4 Worker 586175578
74 74 4 Worker 544023102
75 75 4 Worker 269250122
76 76 4 Worker 965442885
77 77 4 Worker 261565940
78 78 4 Worker 380696925
79 79 4 Worker 526668534
80 80 4 Worker 711280122
81 81 4 Worker 304778244
82 82 4 Worker 562081954
83 83 4 Worker 677156558
84 84 4 Worker 772996436
85 85 4 Worker 868713185
86 86 4 Worker 632628167
87 87 4 Worker 50596884
88 88 4 Worker 45869292
89 89 4 Worker 762401792
90 90 4 Worker 647206559
91 91 4 Worker 940899268
92 92 4 Worker 433944630
93 93 4 Worker 153301171
94 94 4 Worker 439056488
95 95 4 Worker 435345666
96 96 4 Worker 708158906
97 97 4 Worker 752662555
98 98 4 Worker 379133374
99 99 4 Worker 518852319
100 100 4 Worker 375418780
101 101 4 Worker 26604033
102 102 4 Worker 836560234
103 103 4 Worker 355980682
104 104 4 Worker 783474555
105 105 4 Worker 501759013
106 106 4 Worker 341750572
107 107 4 Worker 728109724
108 108 4 Worker 437511846
109 109 4 Worker 305578848
110 110 4 Worker 485136699
111 111 4 Worker 181493436
112 112 4 Worker 106216031
113 113 4 Worker 255471230
114 114 4 Worker 325828298
115 115 4 Worker 749949806
116 116 4 Worker 711060467
117 117 4 Worker 402467536
118 118 4 Worker 868966460
119 119 4 Worker 53841372
120 120 4 Worker 851475489
121 121 4 Worker 373781648
122 122 4 Worker 155945305
123 123 4 Worker 594513589
124 124 4 Worker 42438061
125 125 4 Worker 497500338
126 126 4 Worker 903371182
127 127 4 Worker 437526190
128 128 4 Worker 656568183
129 129 4 Worker 591472111
130 130 4 Worker 725848207
131 131 4 Worker 788540023
132 132 4 Worker 387015126
133 133 4 Worker 692679698
134 134 4 Worker 698519043
135 135 4 Worker 842604330
136 136 4 Worker 254656412
137 137 4 Worker 208078755
138 138 4 Worker 78282395
139 139 4 Worker 504776179
140 140 4 Worker 746169806
141 141 4 Worker 789648552
142 142 4 Worker 316932694
143 143 4 Worker 980802041
144 144 4 Worker 602719202
145 145 4 Worker 40861892
146 146 4 Worker 86364124
147 147 4 Worker 391468829
148 148 4 Worker 444731343
149 149 4 Worker 615175875
150 150 4 Worker 602698659
151 151 4 Worker 600093955
152 152 4 Worker 593520258
153 153 4 Worker 771796847
154 154 4 Worker 866731378
155 155 4 Worker 802228613
156 156 4 Worker 556921400
157 157 4 Worker 511427774
158 158 4 Worker 687651737
159 159 4 Worker 463447748
160 160 4 Worker 854250137
161 161 4 Worker 762490279
162 162 4 Worker 478479435
163 163 4 Worker 348154952
164 164 4 Worker 926980191
165 165 4 Worker 890543594
166 166 4 Worker 27866370
167 167 4 Worker 36786488
168 168 4 Worker 402465662
169 169 4 Worker 38412334
170 170 4 Worker 368627359
171 171 4 Worker 286999283
172 172 4 Worker 375790436
173 173 4 Worker 324748992
174 174 4 Worker 47082119
175 175 4 Worker 15005624
176 176 4 Worker 43576610
177 177 4 Worker 88832267
178 178 4 Worker 263804811
179 179 4 Worker 673048934
180 180 4 Worker 328434266
181 181 4 Worker 903525329
182 182 4 Worker 820736417
183 183 4 Worker 748836838
184 184 4 Worker 79579936
185 185 4 Worker 982957727
186 186 4 Worker 850372351
187 187 4 Worker 602770923
188 188 4 Worker 946345679
189 189 4 Worker 951702108
190 190 4 Worker 806403374
191 191 4 Worker 179605683
192 192 4 Worker 786527009
193 193 4 Worker 920964040
194 194 4 Worker 567565760
195 195 4 Worker 50311856
196 196 4 Worker 139687191
197 197 4 Worker 245824263
198 198 4 Worker 925063478
199 199 4 Worker 43070403
200 200 4 Worker 187015629
201 201 4 Worker 54018809
202 202 4 Worker 555382718
203 203 4 Worker 340862566
204 204 4 Worker 260683880
205 205 4 Worker 80652462
206 206 4 Worker 923504377
207 207 4 Worker 802116097
208 208 4 Worker 345952468
209 209 4 Worker 988461278
210 210 4 Worker 249917531
211 211 4 Worker 356465226
212 212 4 Worker 933329639
213 213 4 Worker 972780610
214 214 4 Worker 343371616
215 215 4 Worker 522080292
216 216 4 Worker 792795101
217 217 4 Worker 689348794
218 218 4 Worker 952066016
219 219 4 Worker 403348061
220 220 4 Worker 498493285
221 221 4 Worker 485691391
222 222 4 Worker 522152083
223 223 4 Worker 856812773
224 224 4 Worker 840872609
225 225 4 Worker 786855241
226 226 4 Worker 539801813
227 227 4 Worker 598566451
228 228 4 Worker 441664904
229 229 4 Worker 179168847
230 230 4 Worker 693213807
231 231 4 Worker 168555531
232 232 4 Worker 188046429
233 233 4 Worker 876692677
234 234 4 Worker 929460966
235 235 4 Worker 544094010
236 236 4 Worker 730432482
237 237 4 Worker 470056613
238 238 4 Worker 146142599
239 239 4 Worker 728876733
240 240 4 Worker 571954283
241 241 4 Worker 692488987
242 242 4 Worker 411519535
243 243 4 Worker 567919646
244 244 4 Worker 425095066
245 245 4 Worker 151003317
246 246 4 Worker 787572233
247 247 4 Worker 527836994
248 248 4 Worker 936425253
249 249 4 Worker 507071654
250 250 4 Worker 448997111
251 251 4 Worker 827233977
252 252 4 Worker 275672330
253 253 4 Worker 387555289
254 254 4 Worker 895262402
255 255 4 Worker 603376459
