0 0 -1 Splicer 760451383
1 1 0 Worker 265182846
2 2 -1 PersistentDB 830299497
3 3 -1 InMemoryDB 279671154
4 4 -1 WorkManager 801521074
5 5 4 Worker 629753350
6 6 4 Worker 852385276
7 7 4 Worker 600121895
8 8 4 Worker 186784512
9 9 4 Worker 258723452
10 10 4 Worker 241664129
11 11 4 Worker 527526427
12 12 4 Worker 832299269
13 13 4 Worker 446352233
14 14 4 Worker 678018371
15 15 4 Worker 883359933
16 16 4 Worker 3791200
17 17 4 Worker 209940242
18 18 4 Worker 247495430
19 19 4 Worker 737863545
20 20 4 Worker 663297476
21 21 4 Worker 342554242
22 22 4 Worker 270764810
23 23 4 Worker 85102982
24 24 4 Worker 199717245
25 25 4 Worker 770107595
26 26 4 Worker 778797879
27 27 4 Worker 316752448
28 28 4 Worker 602563093
29 29 4 Worker 387935366
30 30 4 Worker 324580707
31 31 4 Worker 969217999
32 32 4 Worker 578780347
33 33 4 Worker 45646860
34 34 4 Worker 213220151
35 35 4 Worker 991913375
36 36 4 Worker 39596608
37 37 4 Worker 345821703
38 38 4 Worker 117531832
39 39 4 Worker 103039168
40 40 4 Worker 59041518
41 41 4 Worker 661733188
42 42 4 Worker 804539158
43 43 4 Worker 31668375
44 44 4 Worker 450818719
45 45 4 Worker 772096074
46 46 4 Worker 39868388
47 47 4 Worker 191282151
48 48 4 Worker 419134468
49 49 4 Worker 306860589
50 50 4 Worker 440177107
51 51 4 Worker 694993615
52 52 4 Worker 128053336
53 53 4 Worker 492379789
54 54 4 Worker 519145848
55 55 4 Worker 706530651
56 56 4 Worker 484913043
57 57 4 Worker 983200050
58 58 4 Worker 140624054
59 59 4 Worker 83107321
60 60 4 Worker 52459886
61 61 4 Worker 195611048
62 62 4 Worker 666422566
63 63 4 Worker 809368476
64 64 4 Worker 102799306
65 65 4 Worker 978972311
66 66 4 Worker 362238217
67 67 4 Worker 970869580
68 68 4 Worker 512372057
69 69 4 Worker 495034384
70 70 4 Worker 383110504
71 71 4 Worker 192440463
72 72 4 Worker 904636309
73 73 4 Worker 461469482
74 74 4 Worker 838381143
75 75 4 Worker 208277636
76 76 4 Worker 413547265
77 77 4 Worker 614182573
78 78 4 Worker 334988170
79 79 4 Worker 3765511
80 80 4 Worker 863927311
81 81 4 Worker 623441055
82 82 4 Worker 896889098
83 83 4 Worker 586221258
84 84 4 Worker 713426153
85 85 4 Worker 374765235
86 86 4 Worker 309750854
87 87 4 Worker 536907023
88 88 4 Worker 851605111
89 89 4 Worker 295946727
90 90 4 Worker 74471068
91 91 4 Worker 355699732
92 92 4 Worker 876443094
93 93 4 Worker 307040506
94 94 4 Worker 290563803
95 95 4 Worker 579563149
96 96 4 Worker 762055259
97 97 4 Worker 514196127
98 98 4 Worker 303828038
99 99 4 Worker 404228969
100 100 4 Worker 604311400
101 101 4 Worker 375702390
102 102 4 Worker 348804669
103 103 4 Worker 148867537
104 104 4 Worker 742999637
105 105 4 Worker 403710413
106 106 4 Worker 238848161
107 107 4 Worker 41933422
108 108 4 Worker 391251989
109 109 4 Worker 983756318
110 110 4 Worker 711537887
111 111 4 Worker 903422893
112 112 4 Worker 10290155
113 113 4 Worker 429613114
114 114 4 Worker 178174589
115 115 4 Worker 506032539
116 116 4 Worker 919292017
117 117 4 Worker 437262598
118 118 4 Worker 477429599
119 119 4 Worker 701393183
120 120 4 Worker 843032681
121 121 4 Worker 424965832
122 122 4 Worker 744345522
123 123 4 Worker 61193900
124 124 4 Worker 480190751
125 125 4 Worker 62094214
126 126 4 Worker 264070076
127 127 4 Worker 357152367
128 128 4 Worker 826519754
129 129 4 Worker 493996589
130 130 4 Worker 537605192
131 131 4 Worker 186037534
132 132 4 Worker 890558672
133 133 4 Worker 805607165
134 134 4 Worker 321019477
135 135 4 Worker 659958089
136 136 4 Worker 131823168
137 137 4 Worker 573381591
138 138 4 Worker 42529125
139 139 4 Worker 818562691
140 140 4 Worker 987248274
141 141 4 Worker 70412681
142 142 4 Worker 158459377
143 143 4 Worker 651612664
144 144 4 Worker 805909279
145 145 4 Worker 473606064
146 146 4 Worker 712449501
147 147 4 Worker 849801650
148 148 4 Worker 652690993
149 149 4 Worker 204147374
150 150 4 Worker 1792963
151 151 4 Worker 893327020
152 152 4 Worker 606852569
153 153 4 Worker 138453450
154 154 4 Worker 311696111
155 155 4 Worker 836951743
156 156 4 Worker 539380770
157 157 4 Worker 730024694
158 158 4 Worker 184973535
159 159 4 Worker 341690217
160 160 4 Worker 2386602
161 161 4 Worker 197484300
162 162 4 Worker 201602691
163 163 4 Worker 552323150
164 164 4 Worker 903792495
165 165 4 Worker 627358668
166 166 4 Worker 141350025
167 167 4 Worker 3098979
168 168 4 Worker 692350501
169 169 4 Worker 485094999
170 170 4 Worker 597734496
171 171 4 Worker 92025508
172 172 4 Worker 594826445
173 173 4 Worker 76650707
174 174 4 Worker 34929474
175 175 4 Worker 950946518
176 176 4 Worker 151084615
177 177 4 Worker 873953796
178 178 4 Worker 835387059
179 179 4 Worker 906708041
180 180 4 Worker 19875013
181 181 4 Worker 90187290
182 182 4 Worker 698048455
183 183 4 Worker 769665477
184 184 4 Worker 456747522
185 185 4 Worker 427785828
186 186 4 Worker 400668040
187 187 4 Worker 132369404
188 188 4 Worker 241613847
189 189 4 Worker 783359558
190 190 4 Worker 753382041
191 191 4 Worker 419627647
192 192 4 Worker 920730232
193 193 4 Worker 209874746
194 194 4 Worker 35565345
195 195 4 Worker 286087199
196 196 4 Worker 771495699
197 197 4 Worker 276401204
198 198 4 Worker 420254990
199 199 4 Worker 499725239
200 200 4 Worker 882865442
201 201 4 Worker 79605693
202 202 4 Worker 653649365
203 203 4 Worker 258570525
204 204 4 Worker 795096930
205 205 4 Worker 806850273
206 206 4 Worker 422214194
207 207 4 Worker 947552811
208 208 4 Worker 428804485
209 209 4 Worker 513018038
210 210 4 Worker 556959670
211 211 4 Worker 867799786
212 212 4 Worker 123024203
213 213 4 Worker 932787345
214 214 4 Worker 264248557
215 215 4 Worker 772253620
216 216 4 Worker 855196517
217 217 4 Worker 210513857
218 218 4 Worker 209649660
219 219 4 Worker 754386981
220 220 4 Worker 364039583
221 221 4 Worker 615068297
222 222 4 Worker 940110713
223 223 4 Worker 525238811
224 224 4 Worker 270582090
225 225 4 Worker 251475587
226 226 4 Worker 748554970
227 227 4 Worker 951576278
228 228 4 Worker 489860860
229 229 4 Worker 728465668
230 230 4 Worker 102166050
231 231 4 Worker 349122986
232 232 4 Worker 308991441
233 233 4 Worker 555554675
234 234 4 Worker 621820401
235 235 4 Worker 882587688
236 236 4 Worker 980203529
237 237 4 Worker 212703466
238 238 4 Worker 313747749
239 239 4 Worker 860761473
240 240 4 Worker 798730207
241 241 4 Worker 868741894
242 242 4 Worker 513015669
243 243 4 Worker 948062655
244 244 4 Worker 850585097
245 245 4 Worker 672517722
246 246 4 Worker 686248991
247 247 4 Worker 309246057
248 248 4 Worker 954057813
249 249 4 Worker 650691930
250 250 4 Worker 882729953
251 251 4 Worker 251673615
252 252 4 Worker 701013364
253 253 4 Worker 446907636
254 254 4 Worker 597849005
255 255 4 Worker 226774666
