0 0 -1 Splicer 284659838
1 1 0 Worker 136680988
2 2 -1 PersistentDB 269925360
3 3 -1 InMemoryDB 483165340
4 4 -1 WorkManager 298176794
5 5 4 Worker 985134333
6 6 4 Worker 342910450
7 7 4 Worker 486285335
8 8 4 Worker 606055773
9 9 4 Worker 409178409
10 10 4 Worker 889259158
11 11 4 Worker 703718992
12 12 4 Worker 15258135
13 13 4 Worker 555804644
14 14 4 Worker 782862292
15 15 4 Worker 612616717
16 16 4 Worker 971396296
17 17 4 Worker 897488116
18 18 4 Worker 700675972
19 19 4 Worker 221303259
20 20 4 Worker 745922498
21 21 4 Worker 310254042
22 22 4 Worker 648539473
23 23 4 Worker 392192224
24 24 4 Worker 129050167
25 25 4 Worker 698809385
26 26 4 Worker 424580954
27 27 4 Worker 203574896
28 28 4 Worker 562017974
29 29 4 Worker 585700482
30 30 4 Worker 990388430
31 31 4 Worker 807056281
32 32 4 Worker 320294297
33 33 4 Worker 404803678
34 34 4 Worker 381253268
35 35 4 Worker 463755353
36 36 4 Worker 796833513
37 37 4 Worker 433511212
38 38 4 Worker 43462154
39 39 4 Worker 57766391
40 40 4 Worker 360719192
41 41 4 Worker 922077662
42 42 4 Worker 864553148
43 43 4 Worker 240090842
44 44 4 Worker 65944360
45 45 4 Worker 502316237
46 46 4 Worker 881561085
47 47 4 Worker 342956393
48 48 4 Worker 239073762
49 49 4 Worker 835171300
50 50 4 Worker 722719515
51 51 4 Worker 340609490
52 52 4 Worker 971797795
53 53 4 Worker 851233785
54 54 4 Worker 987236143
55 55 4 Worker 445075566
56 56 4 Worker 759554312
57 57 4 Worker 151432258
58 58 4 Worker 887740018
59 59 4 Worker 603326355
60 60 4 Worker 13753806
61 61 4 Worker 546703300
62 62 4 Worker 320303412
63 63 4 Worker 389447512
64 64 4 Worker 853119558
65 65 4 Worker 923459687
66 66 4 Worker 854921851
67 67 4 Worker 747275464
68 68 4 Worker 875530758
69 69 4 Worker 758584709
70 70 4 Worker 330710421
71 71 4 Worker 445590674
72 72 4 Worker 730467983
73 73 4 Worker 846249362
74 74 4 Worker 421431083
75 75 4 Worker 802728813
76 76 4 Worker 671225123
77 77 4 Worker 566480379
78 78 4 Worker 149448930
79 79 4 Worker 345247194
80 80 4 Worker 728399755
81 81 4 Worker 363954687
82 82 4 Worker 48482355
83 83 4 Worker 157147978
84 84 4 Worker 857615304
85 85 4 Worker 304546531
86 86 4 Worker 34883956
87 87 4 Worker 894063358
88 88 4 Worker 686563500
89 89 4 Worker 127813796
90 90 4 Worker 756751425
91 91 4 Worker 308204494
92 92 4 Worker 298448542
93 93 4 Worker 884019491
94 94 4 Worker 75093751
95 95 4 Worker 930050110
96 96 4 Worker 427895053
97 97 4 Worker 660996954
98 98 4 Worker 577384829
99 99 4 Worker 599006738
100 100 4 Worker 52760950
101 101 4 Worker 991586001
102 102 4 Worker 165512459
103 103 4 Worker 438928530
104 104 4 Worker 202522587
105 105 4 Worker 717383749
106 106 4 Worker 492257282
107 107 4 Worker 915484175
108 108 4 Worker 107589076
109 109 4 Worker 332236496
110 110 4 Worker 946842396
111 111 4 Worker 919525045
112 112 4 Worker 474301074
113 113 4 Worker 629841864
114 114 4 Worker 792489439
115 115 4 Worker 187401796
116 116 4 Worker 398747533
117 117 4 Worker 732965304
118 118 4 Worker 723670198
119 119 4 Worker 599374447
120 120 4 Worker 912119622
121 121 4 Worker 877738312
122 122 4 Worker 81924018
123 123 4 Worker 580908836
124 124 4 Worker 45999677
125 125 4 Worker 953065271
126 126 4 Worker 914127959
127 127 4 Worker 640287925
128 128 4 Worker 170430796
129 129 4 Worker 824776123
130 130 4 Worker 518733226
131 131 4 Worker 745082107
132 132 4 Worker 548633541
133 133 4 Worker 851215883
134 134 4 Worker 331874715
135 135 4 Worker 117058323
136 136 4 Worker 850702130
137 137 4 Worker 873658515
138 138 4 Worker 453516719
139 139 4 Worker 918786646
140 140 4 Worker 258886943
141 141 4 Worker 660681988
142 142 4 Worker 939548849
143 143 4 Worker 213547636
144 144 4 Worker 854782468
145 145 4 Worker 968991312
146 146 4 Worker 918423935
147 147 4 Worker 931803256
148 148 4 Worker 773626320
149 149 4 Worker 664140063
150 150 4 Worker 223818559
151 151 4 Worker 974678038
152 152 4 Worker 796594843
153 153 4 Worker 524964993
154 154 4 Worker 885718376
155 155 4 Worker 112166644
156 156 4 Worker 205750000
157 157 4 Worker 784468894
158 158 4 Worker 565718483
159 159 4 Worker 669870383
160 160 4 Worker 31161895
161 161 4 Worker 245083509
162 162 4 Worker 682140948
163 163 4 Worker 992193683
164 164 4 Worker 577966755
165 165 4 Worker 940689496
166 166 4 Worker 770610566
167 167 4 Worker 746848567
168 168 4 Worker 920146332
169 169 4 Worker 663587771
170 170 4 Worker 237567939
171 171 4 Worker 673816809
172 172 4 Worker 956539342
173 173 4 Worker 192220511
174 174 4 Worker 71374633
175 175 4 Worker 15865155
176 176 4 Worker 550361224
177 177 4 Worker 16155117
178 178 4 Worker 237440203
179 179 4 Worker 921481241
180 180 4 Worker 756679002
181 181 4 Worker 164080217
182 182 4 Worker 967828664
183 183 4 Worker 685386987
184 184 4 Worker 580725226
185 185 4 Worker 42945007
186 186 4 Worker 193566214
187 187 4 Worker 753536882
188 188 4 Worker 739242780
189 189 4 Worker 771775855
190 190 4 Worker 703860781
191 191 4 Worker 744597961
192 192 4 Worker 706435956
193 193 4 Worker 35301578
194 194 4 Worker 2174924
195 195 4 Worker 603695295
196 196 4 Worker 287635012
197 197 4 Worker 902088525
198 198 4 Worker 534405010
199 199 4 Worker 868243750
200 200 4 Worker 628030977
201 201 4 Worker 92034428
202 202 4 Worker 161689864
203 203 4 Worker 646024719
204 204 4 Worker 536181550
205 205 4 Worker 193052043
206 206 4 Worker 890649093
207 207 4 Worker 890280002
208 208 4 Worker 211335776
209 209 4 Worker 713665413
210 210 4 Worker 683585538
211 211 4 Worker 631932466
212 212 4 Worker 663889355
213 213 4 Worker 896165807
214 214 4 Worker 164557002
215 215 4 Worker 784829866
216 216 4 Worker 422769584
217 217 4 Worker 121950807
218 218 4 Worker 938674419
219 219 4 Worker 152805626
220 220 4 Worker 533551988
221 221 4 Worker 758341112
222 222 4 Worker 539544795
223 223 4 Worker 595890671
224 224 4 Worker 607371038
225 225 4 Worker 53608842
226 226 4 Worker 478620280
227 227 4 Worker 996743874
228 228 4 Worker 417245871
229 229 4 Worker 978215205
230 230 4 Worker 960263115
231 231 4 Worker 938033241
232 232 4 Worker 350742149
233 233 4 Worker 66525772
234 234 4 Worker 221096447
235 235 4 Worker 288382826
236 236 4 Worker 935658540
237 237 4 Worker 65053868
238 238 4 Worker 525242352
239 239 4 Worker 183159946
240 240 4 Worker 14612499
241 241 4 Worker 705805849
242 242 4 Worker 845466196
243 243 4 Worker 852931957
244 244 4 Worker 492381263
245 245 4 Worker 685063734
246 246 4 Worker 813944386
247 247 4 Worker 945032746
248 248 4 Worker 88003986
249 249 4 Worker 388689165
250 250 4 Worker 809530940
251 251 4 Worker 464609300
252 252 4 Worker 876253800
253 253 4 Worker 283527894
254 254 4 Worker 526628734
255 255 4 Worker 807550107
