0 0 -1 Splicer 424646254
1 1 0 Worker 247424621
2 2 -1 PersistentDB 227748856
3 3 -1 InMemoryDB 964734193
4 4 -1 WorkManager 485412690
5 5 4 Worker 191852654
6 6 4 Worker 654817090
7 7 4 Worker 262772192
8 8 4 Worker 232287702
9 9 4 Worker 185768053
10 10 4 Worker 832606777
11 11 4 Worker 910436211
12 12 4 Worker 82178986
13 13 4 Worker 442274562
14 14 4 Worker 446797187
15 15 4 Worker 869156972
16 16 4 Worker 46530854
17 17 4 Worker 113272208
18 18 4 Worker 717112375
19 19 4 Worker 21439302
20 20 4 Worker 556570791
21 21 4 Worker 378583705
22 22 4 Worker 583127815
23 23 4 Worker 649895654
24 24 4 Worker 663354967
25 25 4 Worker 707294977
26 26 4 Worker 340522921
27 27 4 Worker 766288347
28 28 4 Worker 854809364
29 29 4 Worker 596937100
30 30 4 Worker 377501619
31 31 4 Worker 104978729
32 32 4 Worker 425756903
33 33 4 Worker 404440697
34 34 4 Worker 467954480
35 35 4 Worker 461269824
36 36 4 Worker 52632077
37 37 4 Worker 268540517
38 38 4 Worker 412072058
39 39 4 Worker 129761834
40 40 4 Worker 608216332
41 41 4 Worker 728751775
42 42 4 Worker 18718325
43 43 4 Worker 436604475
44 44 4 Worker 77446114
45 45 4 Worker 473758601
46 46 4 Worker 717388095
47 47 4 Worker 891646417
48 48 4 Worker 778670051
49 49 4 Worker 569836769
50 50 4 Worker 834713849
51 51 4 Worker 649285298
52 52 4 Worker 946826059
53 53 4 Worker 546575721
54 54 4 Worker 7129216
55 55 4 Worker 158952194
56 56 4 Worker 467968822
57 57 4 Worker 302366367
58 58 4 Worker 222226839
59 59 4 Worker 801205086
60 60 4 Worker 689759162
61 61 4 Worker 979937989
62 62 4 Worker 886973656
63 63 4 Worker 198548286
64 64 4 Worker 668964345
65 65 4 Worker 149646118
66 66 4 Worker 614648546
67 67 4 Worker 425348826
68 68 4 Worker 560077423
69 69 4 Worker 49085427
70 70 4 Worker 185519094
71 71 4 Worker 90489407
72 72 4 Worker 679447573
73 73 4 Worker 582096840
74 74 4 Worker 604754864
75 75 4 Worker 535943842
76 76 4 Worker 933201002
77 77 4 Worker 918170281
78 78 4 Worker 544982439
79 79 4 Worker 336810797
80 80 4 Worker 180114006
81 81 4 Worker 568099747
82 82 4 Worker 510114638
83 83 4 Worker 163468544
84 84 4 Worker 32068374
85 85 4 Worker 321115554
86 86 4 Worker 67249667
87 87 4 Worker 647906715
88 88 4 Worker 491666090
89 89 4 Worker 708194040
90 90 4 Worker 493859173
91 91 4 Worker 34024586
92 92 4 Worker 657382780
93 93 4 Worker 657864746
94 94 4 Worker 125741351
95 95 4 Worker 57032405
96 96 4 Worker 271724613
97 97 4 Worker 262216079
98 98 4 Worker 694979193
99 99 4 Worker 418823277
100 100 4 Worker 931046084
101 101 4 Worker 572646738
102 102 4 Worker 964662076
103 103 4 Worker 383369177
104 104 4 Worker 851175197
105 105 4 Worker 357450284
106 106 4 Worker 40034145
107 107 4 Worker 327256031
108 108 4 Worker 395644776
109 109 4 Worker 696509847
110 110 4 Worker 955478178
111 111 4 Worker 44112638
112 112 4 Worker 909263809
113 113 4 Worker 565121733
114 114 4 Worker 739263517
115 115 4 Worker 530973221
116 116 4 Worker 215867128
117 117 4 Worker 403402552
118 118 4 Worker 317939101
119 119 4 Worker 602497816
120 120 4 Worker 284035876
121 121 4 Worker 310238178
122 122 4 Worker 959467369
123 123 4 Worker 44937587
124 124 4 Worker 326009748
125 125 4 Worker 321234398
126 126 4 Worker 23185545
127 127 4 Worker 595289793
128 128 4 Worker 918212276
129 129 4 Worker 86654462
130 130 4 Worker 136098620
131 131 4 Worker 696286322
132 132 4 Worker 260145775
133 133 4 Worker 882724606
134 134 4 Worker 418472092
135 135 4 Worker 523664483
136 136 4 Worker 764253557
137 137 4 Worker 17421088
138 138 4 Worker 942892216
139 139 4 Worker 374956535
140 140 4 Worker 877755794
141 141 4 Worker 659976208
142 142 4 Worker 996519816
143 143 4 Worker 987019452
144 144 4 Worker 422245057
145 145 4 Worker 153451477
146 146 4 Worker 509116526
147 147 4 Worker 460042486
148 148 4 Worker 778796935
149 149 4 Worker 9072299
150 150 4 Worker 38886519
151 151 4 Worker 586481606
152 152 4 Worker 561111648
153 153 4 Worker 361647717
154 154 4 Worker 738359573
155 155 4 Worker 175394443
156 156 4 Worker 764550923
157 157 4 Worker 681205818
158 158 4 Worker 979703540
159 159 4 Worker 889987198
160 160 4 Worker 617561269
161 161 4 Worker 595588218
162 162 4 Worker 272222017
163 163 4 Worker 206112543
164 164 4 Worker 538762664
165 165 4 Worker 134707774
166 166 4 Worker 356986676
167 167 4 Worker 587002906
168 168 4 Worker 79950333
169 169 4 Worker 436031083
170 170 4 Worker 159411490
171 171 4 Worker 504698816
172 172 4 Worker 763768905
173 173 4 Worker 862639170
174 174 4 Worker 67758094
175 175 4 Worker 92674310
176 176 4 Worker 149867393
177 177 4 Worker 665170051
178 178 4 Worker 779438032
179 179 4 Worker 110330081
180 180 4 Worker 843547456
181 181 4 Worker 636382485
182 182 4 Worker 32536930
183 183 4 Worker 625939513
184 184 4 Worker 209540104
185 185 4 Worker 391052054
186 186 4 Worker 32654941
187 187 4 Worker 770404501
188 188 4 Worker 244668119
189 189 4 Worker 601339080
190 190 4 Worker 698886972
191 191 4 Worker 69276538
192 192 4 Worker 343714064
193 193 4 Worker 287617835
194 194 4 Worker 373531041
195 195 4 Worker 572493664
196 196 4 Worker 589057400
197 197 4 Worker 614100239
198 198 4 Worker 991635781
199 199 4 Worker 22089760
200 200 4 Worker 796296677
201 201 4 Worker 848077279
202 202 4 Worker 961707155
203 203 4 Worker 437236680
204 204 4 Worker 313529056
205 205 4 Worker 825492607
206 206 4 Worker 620468685
207 207 4 Worker 859680821
208 208 4 Worker 380124229
209 209 4 Worker 662802809
210 210 4 Worker 406681365
211 211 4 Worker 986101542
212 212 4 Worker 612313114
213 213 4 Worker 730570648
214 214 4 Worker 854160231
215 215 4 Worker 236124477
216 216 4 Worker 482345132
217 217 4 Worker 684736558
218 218 4 Worker 917908350
219 219 4 Worker 359035900
220 220 4 Worker 970138003
221 221 4 Worker 275868805
222 222 4 Worker 607296820
223 223 4 Worker 844298239
224 224 4 Worker 347288663
225 225 4 Worker 233712920
226 226 4 Worker 823542863
227 227 4 Worker 840385272
228 228 4 Worker 791263682
229 229 4 Worker 307468591
230 230 4 Worker 182376259
231 231 4 Worker 541870122
232 232 4 Worker 96161508
233 233 4 Worker 15777036
234 234 4 Worker 493941088
235 235 4 Worker 314272711
236 236 4 Worker 79558595
237 237 4 Worker 704674025
238 238 4 Worker 114066364
239 239 4 Worker 739376273
240 240 4 Worker 499616752
241 241 4 Worker 144724977
242 242 4 Worker 676705390
243 243 4 Worker 826441793
244 244 4 Worker 252210045
245 245 4 Worker 267664647
246 246 4 Worker 187280289
247 247 4 Worker 466209672
248 248 4 Worker 214462514
249 249 4 Worker 162249824
250 250 4 Worker 83538881
251 251 4 Worker 470504686
252 252 4 Worker 481426563
253 253 4 Worker 733338512
254 254 4 Worker 194821526
255 255 4 Worker 933174065
