0 0 -1 Splicer 977511287
1 1 0 Worker 123404685
2 2 -1 PersistentDB 627908618
3 3 -1 InMemoryDB 483588878
4 4 -1 WorkManager 60397704
5 5 4 Worker 989533991
6 6 4 Worker 536783330
7 7 4 Worker 354291169
8 8 4 Worker 642306853
9 9 4 Worker 636865102
10 10 4 Worker 72702294
11 11 4 Worker 912223252
12 12 4 Worker 441667328
13 13 4 Worker 911081900
14 14 4 Worker 944692291
15 15 4 Worker 224279359
16 16 4 Worker 551555508
17 17 4 Worker 953632445
18 18 4 Worker 809203926
19 19 4 Worker 214585384
20 20 4 Worker 842492247
21 21 4 Worker 512259442
22 22 4 Worker 245816903
23 23 4 Worker 845308823
24 24 4 Worker 866959514
25 25 4 Worker 291790380
26 26 4 Worker 369931160
27 27 4 Worker 981644787
28 28 4 Worker 344633782
29 29 4 Worker 409711484
30 30 4 Worker 524557405
31 31 4 Worker 751254584
32 32 4 Worker 490692504
33 33 4 Worker 445542589
34 34 4 Worker 899677985
35 35 4 Worker 395135934
36 36 4 Worker 209553853
37 37 4 Worker 781280388
38 38 4 Worker 801630403
39 39 4 Worker 603522547
40 40 4 Worker 148951333
41 41 4 Worker 353360917
42 42 4 Worker 868406276
43 43 4 Worker 959406385
44 44 4 Worker 357973886
45 45 4 Worker 389987968
46 46 4 Worker 123461151
47 47 4 Worker 632786230
48 48 4 Worker 602391743
49 49 4 Worker 414303978
50 50 4 Worker 751381826
51 51 4 Worker 838408119
52 52 4 Worker 140688009
53 53 4 Worker 371926926
54 54 4 Worker 520583424
55 55 4 Worker 754085787
56 56 4 Worker 581814268
57 57 4 Worker 201629957
58 58 4 Worker 897899305
59 59 4 Worker 390151479
60 60 4 Worker 327727793
61 61 4 Worker 617255537
62 62 4 Worker 971917278
63 63 4 Worker 140203599
64 64 4 Worker 899710766
65 65 4 Worker 694109944
66 66 4 Worker 918264160
67 67 4 Worker 592049673
68 68 4 Worker 774859326
69 69 4 Worker 15818019
70 70 4 Worker 769554281
71 71 4 Worker 838822847
72 72 4 Worker 695318042
73 73 4 Worker 970870210
74 74 4 Worker 501378233
75 75 4 Worker 368976788
76 76 4 Worker 313737989
77 77 4 Worker 507451333
78 78 4 Worker 291782823
79 79 4 Worker 824031901
80 80 4 Worker 856261045
81 81 4 Worker 522134564
82 82 4 Worker 905414596
83 83 4 Worker 40458759
84 84 4 Worker 474091027
85 85 4 Worker 542532456
86 86 4 Worker 893587561
87 87 4 Worker 23358174
88 88 4 Worker 111237887
89 89 4 Worker 36015875
90 90 4 Worker 707462593
91 91 4 Worker 765686603
92 92 4 Worker 299368046
93 93 4 Worker 934356353
94 94 4 Worker 887501345
95 95 4 Worker 602127556
96 96 4 Worker 974861401
97 97 4 Worker 439885579
98 98 4 Worker 807077979
99 99 4 Worker 108778258
100 100 4 Worker 189833477
101 101 4 Worker 71207637
102 102 4 Worker 414814225
103 103 4 Worker 970043163
104 104 4 Worker 235245126
105 105 4 Worker 819805855
106 106 4 Worker 126544416
107 107 4 Worker 930443428
108 108 4 Worker 631431268
109 109 4 Worker 15712839
110 110 4 Worker 954255372
111 111 4 Worker 800273890
112 112 4 Worker 231341776
113 113 4 Worker 670173439
114 114 4 Worker 27388018
115 115 4 Worker 203634601
116 116 4 Worker 872803016
117 117 4 Worker 69635212
118 118 4 Worker 936521921
119 119 4 Worker 942118190
120 120 4 Worker 387328465
121 121 4 Worker 367190013
122 122 4 Worker 680143148
123 123 4 Worker 801203029
124 124 4 Worker 321738823
125 125 4 Worker 467310522
126 126 4 Worker 383924070
127 127 4 Worker 986269771
128 128 4 Worker 854438548
129 129 4 Worker 698340911
130 130 4 Worker 432950165
131 131 4 Worker 110621124
132 132 4 Worker 869825942
133 133 4 Worker 18074997
134 134 4 Worker 411428182
135 135 4 Worker 535323146
136 136 4 Worker 596540344
137 137 4 Worker 43528302
138 138 4 Worker 93654306
139 139 4 Worker 881985928
140 140 4 Worker 313577121
141 141 4 Worker 118593900
142 142 4 Worker 936677322
143 143 4 Worker 547099868
144 144 4 Worker 60036630
145 145 4 Worker 183895497
146 146 4 Worker 809578102
147 147 4 Worker 782248157
148 148 4 Worker 52833029
149 149 4 Worker 922603015
150 150 4 Worker 270920542
151 151 4 Worker 431357116
152 152 4 Worker 702392907
153 153 4 Worker 458608552
154 154 4 Worker 210384250
155 155 4 Worker 488463058
156 156 4 Worker 317799494
157 157 4 Worker 706427564
158 158 4 Worker 83133493
159 159 4 Worker 98670345
160 160 4 Worker 311821180
161 161 4 Worker 998660746
162 162 4 Worker 334937964
163 163 4 Worker 400887024
164 164 4 Worker 253487331
165 165 4 Worker 703198458
166 166 4 Worker 74196369
167 167 4 Worker 892370354
168 168 4 Worker 817564887
169 169 4 Worker 371100203
170 170 4 Worker 80764130
171 171 4 Worker 7671851
172 172 4 Worker 593764659
173 173 4 Worker 638630084
174 174 4 Worker 167707469
175 175 4 Worker 921922715
176 176 4 Worker 638081043
177 177 4 Worker 212017965
178 178 4 Worker 686718956
179 179 4 Worker 511549409
180 180 4 Worker 229444988
181 181 4 Worker 864146321
182 182 4 Worker 996793649
183 183 4 Worker 929169224
184 184 4 Worker 714284994
185 185 4 Worker 109810116
186 186 4 Worker 43409013
187 187 4 Worker 774608808
188 188 4 Worker 586647927
189 189 4 Worker 144933930
190 190 4 Worker 373254745
191 191 4 Worker 763971740
192 192 4 Worker 826070834
193 193 4 Worker 755435299
194 194 4 Worker 275064537
195 195 4 Worker 52037892
196 196 4 Worker 121463657
197 197 4 Worker 357785461
198 198 4 Worker 713816584
199 199 4 Worker 757557814
200 200 4 Worker 369405843
201 201 4 Worker 509171926
202 202 4 Worker 547705256
203 203 4 Worker 962019777
204 204 4 Worker 562983102
205 205 4 Worker 963777442
206 206 4 Worker 100072921
207 207 4 Worker 812802623
208 208 4 Worker 846462827
209 209 4 Worker 87252928
210 210 4 Worker 872165180
211 211 4 Worker 703077640
212 212 4 Worker 792687332
213 213 4 Worker 811796753
214 214 4 Worker 332076034
215 215 4 Worker 435040443
216 216 4 Worker 32772719
217 217 4 Worker 660577711
218 218 4 Worker 805522758
219 219 4 Worker 108076861
220 220 4 Worker 103216379
221 221 4 Worker 75246027
222 222 4 Worker 377826913
223 223 4 Worker 39143056
224 224 4 Worker 793190244
225 225 4 Worker 776212167
226 226 4 Worker 569510006
227 227 4 Worker 324892540
228 228 4 Worker 527082841
229 229 4 Worker 994721047
230 230 4 Worker 417013530
231 231 4 Worker 431163408
232 232 4 Worker 55217639
233 233 4 Worker 260689954
234 234 4 Worker 979513007
235 235 4 Worker 134225943
236 236 4 Worker 428842569
237 237 4 Worker 941306895
238 238 4 Worker 230862802
239 239 4 Worker 245092486
240 240 4 Worker 756865783
241 241 4 Worker 157349137
242 242 4 Worker 326913351
243 243 4 Worker 368076672
244 244 4 Worker 464652716
245 245 4 Worker 686461820
246 246 4 Worker 670400668
247 247 4 Worker 944534264
248 248 4 Worker 185755305
249 249 4 Worker 192930167
250 250 4 Worker 494052032
251 251 4 Worker 363889461
252 252 4 Worker 562323582
253 253 4 Worker 569430266
254 254 4 Worker 422777827
255 255 4 Worker 233814120
