0 0 -1 Splicer 572521604
1 1 0 Worker 148314774
2 2 -1 PersistentDB 759612027
3 3 -1 InMemoryDB 645136056
4 4 -1 WorkManager 848863783
5 5 4 Worker 572180121
6 6 4 Worker 595890970
7 7 4 Worker 785829215
8 8 4 Worker 546306467
9 9 4 Worker 754268383
10 10 4 Worker 95634500
11 11 4 Worker 544654051
12 12 4 Worker 927343212
13 13 4 Worker 814940417
14 14 4 Worker 690039535
15 15 4 Worker 414268728
16 16 4 Worker 129730605
17 17 4 Worker 342752699
18 18 4 Worker 619476170
19 19 4 Worker 607110823
20 20 4 Worker 580974638
21 21 4 Worker 728470045
22 22 4 Worker 834771361
23 23 4 Worker 836389253
24 24 4 Worker 665674275
25 25 4 Worker 314855497
26 26 4 Worker 725892954
27 27 4 Worker 429980821
28 28 4 Worker 663022988
29 29 4 Worker 466838184
30 30 4 Worker 225816108
31 31 4 Worker 998466021
32 32 4 Worker 813311283
33 33 4 Worker 735790455
34 34 4 Worker 86000723
35 35 4 Worker 274629248
36 36 4 Worker 314088900
37 37 4 Worker 491504067
38 38 4 Worker 944760410
39 39 4 Worker 483975068
40 40 4 Worker 909531630
41 41 4 Worker 697026899
42 42 4 Worker 11764340
43 43 4 Worker 12432058
44 44 4 Worker 720412667
45 45 4 Worker 56536491
46 46 4 Worker 461746101
47 47 4 Worker 554701661
48 48 4 Worker 293613524
49 49 4 Worker 89385998
50 50 4 Worker 759592383
51 51 4 Worker 937787887
52 52 4 Worker 851836061
53 53 4 Worker 197101713
54 54 4 Worker 952383127
55 55 4 Worker 240838405
56 56 4 Worker 115095257
57 57 4 Worker 782978987
58 58 4 Worker 942063565
59 59 4 Worker 461701973
60 60 4 Worker 882495175
61 61 4 Worker 299095995
62 62 4 Worker 518295342
63 63 4 Worker 494305073
64 64 4 Worker 705124568
65 65 4 Worker 989795338
66 66 4 Worker 791523578
67 67 4 Worker 444496482
68 68 4 Worker 949415922
69 69 4 Worker 756832393
70 70 4 Worker 434651730
71 71 4 Worker 419995466
72 72 4 Worker 273524487
73 73 4 Worker 693731346
74 74 4 Worker 138571789
75 75 4 Worker 323621566
76 76 4 Worker 213609515
77 77 4 Worker 202170469
78 78 4 Worker 205284919
79 79 4 Worker 489597754
80 80 4 Worker 443850608
81 81 4 Worker 806567069
82 82 4 Worker 930541772
83 83 4 Worker 334637662
84 84 4 Worker 269253707
85 85 4 Worker 758949874
86 86 4 Worker 195043611
87 87 4 Worker 608745986
88 88 4 Worker 894204594
89 89 4 Worker 305349069
90 90 4 Worker 34590916
91 91 4 Worker 540861896
92 92 4 Worker 381183047
93 93 4 Worker 233322475
94 94 4 Worker 348535395
95 95 4 Worker 741428361
96 96 4 Worker 23713056
97 97 4 Worker 901218355
98 98 4 Worker 908513412
99 99 4 Worker 493346194
100 100 4 Worker 555253538
101 101 4 Worker 70054128
102 102 4 Worker 493187004
103 103 4 Worker 412973601
104 104 4 Worker 22097632
105 105 4 Worker 350071732
106 106 4 Worker 764641456
107 107 4 Worker 694894583
108 108 4 Worker 774682316
109 109 4 Worker 387180535
110 110 4 Worker 526074981
111 111 4 Worker 405099477
112 112 4 Worker 596049579
113 113 4 Worker 549883007
114 114 4 Worker 253800545
115 115 4 Worker 386676212
116 116 4 Worker 633397172
117 117 4 Worker 600376527
118 118 4 Worker 189143172
119 119 4 Worker 593825800
120 120 4 Worker 740491352
121 121 4 Worker 580431598
122 122 4 Worker 766615868
123 123 4 Worker 841407998
124 124 4 Worker 510859357
125 125 4 Worker 277099615
126 126 4 Worker 272079796
127 127 4 Worker 820724174
128 128 4 Worker 925761847
129 129 4 Worker 168463059
130 130 4 Worker 229383574
131 131 4 Worker 922543987
132 132 4 Worker 880174364
133 133 4 Worker 666083362
134 134 4 Worker 144277300
135 135 4 Worker 996417626
136 136 4 Worker 326041228
137 137 4 Worker 370946011
138 138 4 Worker 580347558
139 139 4 Worker 346915891
140 140 4 Worker 907225048
141 141 4 Worker 910386491
142 142 4 Worker 713332220
143 143 4 Worker 517832308
144 144 4 Worker 523897372
145 145 4 Worker 608895396
146 146 4 Worker 123378827
147 147 4 Worker 61799773
148 148 4 Worker 979183021
149 149 4 Worker 713399885
150 150 4 Worker 621662114
151 151 4 Worker 226751680
152 152 4 Worker 865073151
153 153 4 Worker 269741986
154 154 4 Worker 582088343
155 155 4 Worker 794730280
156 156 4 Worker 875509822
157 157 4 Worker 970965924
158 158 4 Worker 888105540
159 159 4 Worker 560988426
160 160 4 Worker 638945826
161 161 4 Worker 327632913
162 162 4 Worker 832193719
163 163 4 Worker 306047562
164 164 4 Worker 320881329
165 165 4 Worker 407744302
166 166 4 Worker 731421480
167 167 4 Worker 12462758
168 168 4 Worker 522183553
169 169 4 Worker 728676406
170 170 4 Worker 266593996
171 171 4 Worker 21712000
172 172 4 Worker 780366541
173 173 4 Worker 794637466
174 174 4 Worker 390361128
175 175 4 Worker 958291695
176 176 4 Worker 166138293
177 177 4 Worker 931983638
178 178 4 Worker 528509686
179 179 4 Worker 881939963
180 180 4 Worker 298006974
181 181 4 Worker 410620602
182 182 4 Worker 132518115
183 183 4 Worker 917522777
184 184 4 Worker 30973544
185 185 4 Worker 392030295
186 186 4 Worker 141708383
187 187 4 Worker 84383097
188 188 4 Worker 201441425
189 189 4 Worker 18011644
190 190 4 Worker 220133871
191 191 4 Worker 415032688
192 192 4 Worker 897562332
193 193 4 Worker 46681864
194 194 4 Worker 337567565
195 195 4 Worker 728493397
196 196 4 Worker 233291797
197 197 4 Worker 972639606
198 198 4 Worker 132090380
199 199 4 Worker 249551858
200 200 4 Worker 841100022
201 201 4 Worker 893646999
202 202 4 Worker 605920885
203 203 4 Worker 345754127
204 204 4 Worker 225039489
205 205 4 Worker 675808932
206 206 4 Worker 287712613
207 207 4 Worker 550891278
208 208 4 Worker 423768180
209 209 4 Worker 965083797
210 210 4 Worker 652658941
211 211 4 Worker 166816609
212 212 4 Worker 175365090
213 213 4 Worker 673308743
214 214 4 Worker 411288702
215 215 4 Worker 613100068
216 216 4 Worker 216006931
217 217 4 Worker 833302085
218 218 4 Worker 77422196
219 219 4 Worker 328135750
220 220 4 Worker 428074933
221 221 4 Worker 172098410
222 222 4 Worker 559517400
223 223 4 Worker 373194779
224 224 4 Worker 546673874
225 225 4 Worker 728743350
226 226 4 Worker 338753912
227 227 4 Worker 995590461
228 228 4 Worker 597265265
229 229 4 Worker 537720820
230 230 4 Worker 745600988
231 231 4 Worker 945459131
232 232 4 Worker 531279805
233 233 4 Worker 339677395
234 234 4 Worker 927794297
235 235 4 Worker 777763319
236 236 4 Worker 51299920
237 237 4 Worker 381140354
238 238 4 Worker 319209232
239 239 4 Worker 45993004
240 240 4 Worker 78823566
241 241 4 Worker 857130258
242 242 4 Worker 72540851
243 243 4 Worker 964780728
244 244 4 Worker 711995760
245 245 4 Worker 807511346
246 246 4 Worker 982697654
247 247 4 Worker 731547913
248 248 4 Worker 873794116
249 249 4 Worker 738278921
250 250 4 Worker 563295921
251 251 4 Worker 338591126
252 252 4 Worker 262138162
253 253 4 Worker 717488261
254 254 4 Worker 574239030
255 255 4 Worker 642973928
