0 0 -1 Splicer 600115478
1 1 0 Worker 560841119
2 2 -1 PersistentDB 494287132
3 3 -1 InMemoryDB 102911917
4 4 -1 WorkManager 405564770
5 5 4 Worker 64098267
6 6 4 Worker 33493790
7 7 4 Worker 924014036
8 8 4 Worker 515379391
9 9 4 Worker 852454248
10 10 4 Worker 575566812
11 11 4 Worker 2184125
12 12 4 Worker 553601223
13 13 4 Worker 843227756
14 14 4 Worker 21742636
15 15 4 Worker 251020738
16 16 4 Worker 96365915
17 17 4 Worker 470568608
18 18 4 Worker 22280834
19 19 4 Worker 148572591
20 20 4 Worker 518444535
21 21 4 Worker 714145865
22 22 4 Worker 139959435
23 23 4 Worker 227340368
24 24 4 Worker 72216109
25 25 4 Worker 647636293
26 26 4 Worker 887332320
27 27 4 Worker 167844273
28 28 4 Worker 431468588
29 29 4 Worker 886050397
30 30 4 Worker 171248811
31 31 4 Worker 502108627
32 32 4 Worker 747402408
33 33 4 Worker 39144950
34 34 4 Worker 196481170
35 35 4 Worker 708101719
36 36 4 Worker 151610167
37 37 4 Worker 165597790
38 38 4 Worker 899529753
39 39 4 Worker 606532207
40 40 4 Worker 993465118
41 41 4 Worker 772918264
42 42 4 Worker 378939243
43 43 4 Worker 538732274
44 44 4 Worker 227726644
45 45 4 Worker 352578594
46 46 4 Worker 422344737
47 47 4 Worker 411975617
48 48 4 Worker 418720758
49 49 4 Worker 810790127
50 50 4 Worker 245029512
51 51 4 Worker 584935283
52 52 4 Worker 581859336
53 53 4 Worker 227469870
54 54 4 Worker 839220261
55 55 4 Worker 991606145
56 56 4 Worker 581618871
57 57 4 Worker 75947432
58 58 4 Worker 833591678
59 59 4 Worker 57234221
60 60 4 Worker 99593620
61 61 4 Worker 692547366
62 62 4 Worker 103076681
63 63 4 Worker 608545443
64 64 4 Worker 484109880
65 65 4 Worker 196236125
66 66 4 Worker 343438529
67 67 4 Worker 88744250
68 68 4 Worker 683870392
69 69 4 Worker 282110578
70 70 4 Worker 979039193
71 71 4 Worker 75834008
72 72 4 Worker 992473229
73 73 4 Worker 760569992
74 74 4 Worker 535259450
75 75 4 Worker 700631621
76 76 4 Worker 615342030
77 77 4 Worker 982689166
78 78 4 Worker 198314544
79 79 4 Worker 916237934
80 80 4 Worker 226408371
81 81 4 Worker 401224220
82 82 4 Worker 292743926
83 83 4 Worker 914699672
84 84 4 Worker 394861136
85 85 4 Worker 719928909
86 86 4 Worker 731760271
87 87 4 Worker 848691468
88 88 4 Worker 507600733
89 89 4 Worker 67391016
90 90 4 Worker 273489976
91 91 4 Worker 610003264
92 92 4 Worker 103886158
93 93 4 Worker 544268151
94 94 4 Worker 671915311
95 95 4 Worker 310401329
96 96 4 Worker 434584811
97 97 4 Worker 10922030
98 98 4 Worker 556835287
99 99 4 Worker 850393221
100 100 4 Worker 322957435
101 101 4 Worker 113088643
102 102 4 Worker 874246921
103 103 4 Worker 412973744
104 104 4 Worker 673395846
105 105 4 Worker 896658039
106 106 4 Worker 887321111
107 107 4 Worker 871743586
108 108 4 Worker 116576887
109 109 4 Worker 335606966
110 110 4 Worker 61363757
111 111 4 Worker 762715908
112 112 4 Worker 711667155
113 113 4 Worker 969214885
114 114 4 Worker 994132771
115 115 4 Worker 407850388
116 116 4 Worker 933720184
117 117 4 Worker 268824869
118 118 4 Worker 39212431
119 119 4 Worker 299117764
120 120 4 Worker 726698590
121 121 4 Worker 52382612
122 122 4 Worker 888793612
123 123 4 Worker 202664390
124 124 4 Worker 301928612
125 125 4 Worker 651537043
126 126 4 Worker 973241588
127 127 4 Worker 584542973
128 128 4 Worker 504680680
129 129 4 Worker 153221398
130 130 4 Worker 256465383
131 131 4 Worker 485831929
132 132 4 Worker 26065235
133 133 4 Worker 936420494
134 134 4 Worker 18431897
135 135 4 Worker 541931024
136 136 4 Worker 138599090
137 137 4 Worker 434212891
138 138 4 Worker 490768173
139 139 4 Worker 856729080
140 140 4 Worker 307033152
141 141 4 Worker 525117839
142 142 4 Worker 860754284
143 143 4 Worker 680271601
144 144 4 Worker 411902053
145 145 4 Worker 551243370
146 146 4 Worker 397988140
147 147 4 Worker 253284684
148 148 4 Worker 195563594
149 149 4 Worker 18460361
150 150 4 Worker 329224329
151 151 4 Worker 368125034
152 152 4 Worker 713970098
153 153 4 Worker 342897621
154 154 4 Worker 393970604
155 155 4 Worker 147358608
156 156 4 Worker 805010964
157 157 4 Worker 200236974
158 158 4 Worker 167014108
159 159 4 Worker 466930185
160 160 4 Worker 254144524
161 161 4 Worker 542849037
162 162 4 Worker 236088652
163 163 4 Worker 861451222
164 164 4 Worker 662647200
165 165 4 Worker 794887983
166 166 4 Worker 681480876
167 167 4 Worker 194744343
168 168 4 Worker 718536238
169 169 4 Worker 654474336
170 170 4 Worker 576838194
171 171 4 Worker 677513040
172 172 4 Worker 852401631
173 173 4 Worker 76533211
174 174 4 Worker 332813904
175 175 4 Worker 434374562
176 176 4 Worker 555206838
177 177 4 Worker 567262475
178 178 4 Worker 256043163
179 179 4 Worker 545502943
180 180 4 Worker 141830119
181 181 4 Worker 83118310
182 182 4 Worker 249284002
183 183 4 Worker 705768365
184 184 4 Worker 135292679
185 185 4 Worker 668205536
186 186 4 Worker 994333850
187 187 4 Worker 850215615
188 188 4 Worker 532310187
189 189 4 Worker 69988951
190 190 4 Worker 361002202
191 191 4 Worker 500372543
192 192 4 Worker 284990049
193 193 4 Worker 547976327
194 194 4 Worker 448823329
195 195 4 Worker 484970580
196 196 4 Worker 877583094
197 197 4 Worker 416003847
198 198 4 Worker 506724571
199 199 4 Worker 982316668
200 200 4 Worker 245753125
201 201 4 Worker 296680457
202 202 4 Worker 578116510
203 203 4 Worker 522570775
204 204 4 Worker 668999278
205 205 4 Worker 53748340
206 206 4 Worker 669731531
207 207 4 Worker 806140362
208 208 4 Worker 18317644
209 209 4 Worker 494617429
210 210 4 Worker 480965931
211 211 4 Worker 761253902
212 212 4 Worker 728930877
213 213 4 Worker 956755538
214 214 4 Worker 363832285
215 215 4 Worker 935919854
216 216 4 Worker 444390420
217 217 4 Worker 614089907
218 218 4 Worker 477828763
219 219 4 Worker 281969971
220 220 4 Worker 722771175
221 221 4 Worker 781040559
222 222 4 Worker 742750127
223 223 4 Worker 441259002
224 224 4 Worker 621357389
225 225 4 Worker 762867505
226 226 4 Worker 601278433
227 227 4 Worker 732286983
228 228 4 Worker 179748586
229 229 4 Worker 960211253
230 230 4 Worker 787870814
231 231 4 Worker 633234909
232 232 4 Worker 668236080
233 233 4 Worker 765703590
234 234 4 Worker 644528472
235 235 4 Worker 504870754
236 236 4 Worker 336207873
237 237 4 Worker 888300609
238 238 4 Worker 603365081
239 239 4 Worker 621499764
240 240 4 Worker 427587267
241 241 4 Worker 539909349
242 242 4 Worker 49426734
243 243 4 Worker 102821184
244 244 4 Worker 544046742
245 245 4 Worker 287590982
246 246 4 Worker 380640619
247 247 4 Worker 206192336
248 248 4 Worker 270359200
249 249 4 Worker 418375820
250 250 4 Worker 993732769
251 251 4 Worker 640262539
252 252 4 Worker 783949969
253 253 4 Worker 869440133
254 254 4 Worker 195554967
255 255 4 Worker 52878996
