0 0 -1 Splicer 261937648
1 1 0 Worker 470727350
2 2 -1 PersistentDB 882852517
3 3 -1 InMemoryDB 196286421
4 4 -1 WorkManager 892104245
5 5 4 Worker 581511992
6 6 4 Worker 173526631
7 7 4 Worker 798976200
8 8 4 Worker 317433103
9 9 4 Worker 493163401
10 10 4 Worker 182391328
11 11 4 Worker 213156647
12 12 4 Worker 704485535
13 13 4 Worker 239405164
14 14 4 Worker 171322404
15 15 4 Worker 429793203
16 16 4 Worker 814690527
17 17 4 Worker 163705769
18 18 4 Worker 810319552
19 19 4 Worker 125901193
20 20 4 Worker 453711371
21 21 4 Worker 6444660
22 22 4 Worker 822917116
23 23 4 Worker 461354624
24 24 4 Worker 455021253
25 25 4 Worker 195802354
26 26 4 Worker 293970336
27 27 4 Worker 602739378
28 28 4 Worker 270464102
29 29 4 Worker 113874374
30 30 4 Worker 591542181
31 31 4 Worker 259153806
32 32 4 Worker 157491633
33 33 4 Worker 198452100
34 34 4 Worker 974113703
35 35 4 Worker 526480451
36 36 4 Worker 650148858
37 37 4 Worker 793715339
38 38 4 Worker 257842213
39 39 4 Worker 665320148
40 40 4 Worker 835498305
41 41 4 Worker 280723535
42 42 4 Worker 248778243
43 43 4 Worker 323833454
44 44 4 Worker 394463598
45 45 4 Worker 421175876
46 46 4 Worker 569317418
47 47 4 Worker 480202672
48 48 4 Worker 381552954
49 49 4 Worker 791765132
50 50 4 Worker 782895170
51 51 4 Worker 302275216
52 52 4 Worker 762866660
53 53 4 Worker 90202039
54 54 4 Worker 227217492
55 55 4 Worker 189952581
56 56 4 Worker 51894192
57 57 4 Worker 966666514
58 58 4 Worker 553064588
59 59 4 Worker 913055132
60 60 4 Worker 495140467
61 61 4 Worker 357424700
62 62 4 Worker 682193039
63 63 4 Worker 128938144
64 64 4 Worker 746720241
65 65 4 Worker 792565335
66 66 4 Worker 358434995
67 67 4 Worker 775471114
68 68 4 Worker 418805651
69 69 4 Worker 549500266
70 70 4 Worker 624502102
71 71 4 Worker 151601203
72 72 4 Worker 719492778
73 73 4 Worker 439067155
74 74 4 Worker 849256444
75 75 4 Worker 437236695
76 76 4 Worker 820149216
77 77 4 Worker 352922696
78 78 4 Worker 134867681
79 79 4 Worker 899679130
80 80 4 Worker 413136713
81 81 4 Worker 525424710
82 82 4 Worker 202985450
83 83 4 Worker 930987611
84 84 4 Worker 282033913
85 85 4 Worker 68198415
86 86 4 Worker 676924036
87 87 4 Worker 725528190
88 88 4 Worker 38130980
89 89 4 Worker 692151942
90 90 4 Worker 826052046
91 91 4 Worker 691806895
92 92 4 Worker 788844159
93 93 4 Worker 748407921
94 94 4 Worker 799451500
95 95 4 Worker 113096123
96 96 4 Worker 365490738
97 97 4 Worker 737243227
98 98 4 Worker 420691195
99 99 4 Worker 82140402
100 100 4 Worker 123622137
101 101 4 Worker 792692265
102 102 4 Worker 167501887
103 103 4 Worker 766240528
104 104 4 Worker 2536891
105 105 4 Worker 421448249
106 106 4 Worker 441136414
107 107 4 Worker 729079249
108 108 4 Worker 645740712
109 109 4 Worker 525555080
110 110 4 Worker 56700256
111 111 4 Worker 556342214
112 112 4 Worker 548822962
113 113 4 Worker 53128031
114 114 4 Worker 267590622
115 115 4 Worker 800745556
116 116 4 Worker 963619070
117 117 4 Worker 705165788
118 118 4 Worker 71271388
119 119 4 Worker 158268929
120 120 4 Worker 902139851
121 121 4 Worker 810403743
122 122 4 Worker 107892717
123 123 4 Worker 117587470
124 124 4 Worker 918897408
125 125 4 Worker 345082730
126 126 4 Worker 213682742
127 127 4 Worker 269279798
128 128 4 Worker 717044824
129 129 4 Worker 319564482
130 130 4 Worker 119245734
131 131 4 Worker 976324419
132 132 4 Worker 866245897
133 133 4 Worker 727355974
134 134 4 Worker 836826838
135 135 4 Worker 625246824
136 136 4 Worker 581968629
137 137 4 Worker 690967528
138 138 4 Worker 754676788
139 139 4 Worker 139016413
140 140 4 Worker 597084880
141 141 4 Worker 179849606
142 142 4 Worker 56999807
143 143 4 Worker 44187307
144 144 4 Worker 324429581
145 145 4 Worker 582829796
146 146 4 Worker 316170886
147 147 4 Worker 490711109
148 148 4 Worker 439991592
149 149 4 Worker 546724631
150 150 4 Worker 689584487
151 151 4 Worker 641513073
152 152 4 Worker 170471312
153 153 4 Worker 316864864
154 154 4 Worker 380716635
155 155 4 Worker 704835433
156 156 4 Worker 495369020
157 157 4 Worker 562753253
158 158 4 Worker 231680426
159 159 4 Worker 281854582
160 160 4 Worker 818913120
161 161 4 Worker 241457868
162 162 4 Worker 513571232
163 163 4 Worker 545118268
164 164 4 Worker 121159552
165 165 4 Worker 866539205
166 166 4 Worker 717996877
167 167 4 Worker 249362992
168 168 4 Worker 292728900
169 169 4 Worker 824609048
170 170 4 Worker 279869303
171 171 4 Worker 591778099
172 172 4 Worker 994755786
173 173 4 Worker 1349979
174 174 4 Worker 896806139
175 175 4 Worker 714138735
176 176 4 Worker 964386919
177 177 4 Worker 263199131
178 178 4 Worker 770457754
179 179 4 Worker 863097706
180 180 4 Worker 762154726
181 181 4 Worker 20092930
182 182 4 Worker 575971071
183 183 4 Worker 349560072
184 184 4 Worker 311802184
185 185 4 Worker 801508925
186 186 4 Worker 299506394
187 187 4 Worker 410902994
188 188 4 Worker 588294784
189 189 4 Worker 302837875
190 190 4 Worker 462011536
191 191 4 Worker 595468469
192 192 4 Worker 430383839
193 193 4 Worker 848005925
194 194 4 Worker 532427858
195 195 4 Worker 411821251
196 196 4 Worker 512028324
197 197 4 Worker 833381812
198 198 4 Worker 654592397
199 199 4 Worker 239157221
200 200 4 Worker 521160427
201 201 4 Worker 345984356
202 202 4 Worker 149999676
203 203 4 Worker 851854282
204 204 4 Worker 913184392
205 205 4 Worker 745523191
206 206 4 Worker 691274294
207 207 4 Worker 260472363
208 208 4 Worker 523077882
209 209 4 Worker 17307580
210 210 4 Worker 113516391
211 211 4 Worker 812947009
212 212 4 Worker 560782632
213 213 4 Worker 395051223
214 214 4 Worker 597266196
215 215 4 Worker 446831276
216 216 4 Worker 761097038
217 217 4 Worker 537799671
218 218 4 Worker 401753502
219 219 4 Worker 871116620
220 220 4 Worker 181134090
221 221 4 Worker 396708027
222 222 4 Worker 560496327
223 223 4 Worker 304295563
224 224 4 Worker 694781910
225 225 4 Worker 122393102
226 226 4 Worker 775914542
227 227 4 Worker 904765913
228 228 4 Worker 588765178
229 229 4 Worker 782860465
230 230 4 Worker 151095226
231 231 4 Worker 400548986
232 232 4 Worker 605215969
233 233 4 Worker 127892084
234 234 4 Worker 228257102
235 235 4 Worker 434738918
236 236 4 Worker 926120376
237 237 4 Worker 855414907
238 238 4 Worker 635337228
239 239 4 Worker 695861347
240 240 4 Worker 828163971
241 241 4 Worker 925660863
242 242 4 Worker 696577429
243 243 4 Worker 216615549
244 244 4 Worker 199953270
245 245 4 Worker 889023435
246 246 4 Worker 619259515
247 247 4 Worker 277663431
248 248 4 Worker 293857710
249 249 4 Worker 121691090
250 250 4 Worker 141034285
251 251 4 Worker 130622669
252 252 4 Worker 684978940
253 253 4 Worker 609032659
254 254 4 Worker 660224098
255 255 4 Worker 906175429
