0 0 -1 Splicer 179417669
1 1 0 Worker 840967479
2 2 -1 PersistentDB 949810709
3 3 -1 InMemoryDB 509563789
4 4 -1 WorkManager 812022458
5 5 4 Worker 429909171
6 6 4 Worker 799302612
7 7 4 Worker 392734934
8 8 4 Worker 731136318
9 9 4 Worker 539554475
10 10 4 Worker 83820366
11 11 4 Worker 106848639
12 12 4 Worker 696284917
13 13 4 Worker 218608669
14 14 4 Worker 414672330
15 15 4 Worker 719585950
16 16 4 Worker 915698872
17 17 4 Worker 612448309
18 18 4 Worker 150717925
19 19 4 Worker 2567863
20 20 4 Worker 39765752
21 21 4 Worker 469770393
22 22 4 Worker 621312945
23 23 4 Worker 67056593
24 24 4 Worker 212980861
25 25 4 Worker 412374512
26 26 4 Worker 950024442
27 27 4 Worker 263988823
28 28 4 Worker 987035941
29 29 4 Worker 265105479
30 30 4 Worker 518241757
31 31 4 Worker 870439109
32 32 4 Worker 780355563
33 33 4 Worker 503713326
34 34 4 Worker 609338850
35 35 4 Worker 739133613
36 36 4 Worker 289258506
37 37 4 Worker 241113881
38 38 4 Worker 511633878
39 39 4 Worker 827647173
40 40 4 Worker 331289468
41 41 4 Worker 906941200
42 42 4 Worker 107006982
43 43 4 Worker 550107523
44 44 4 Worker 429167330
45 45 4 Worker 63749751
46 46 4 Worker 548804875
47 47 4 Worker 378434984
48 48 4 Worker 942981253
49 49 4 Worker 377200149
50 50 4 Worker 373135760
51 51 4 Worker 406745715
52 52 4 Worker 607988632
53 53 4 Worker 854413453
54 54 4 Worker 108675224
55 55 4 Worker 811310985
56 56 4 Worker 685168701
57 57 4 Worker 537716547
58 58 4 Worker 882173215
59 59 4 Worker 609693625
60 60 4 Worker 642926643
61 61 4 Worker 453659956
62 62 4 Worker 45547737
63 63 4 Worker 957789828
64 64 4 Worker 148326631
65 65 4 Worker 687561681
66 66 4 Worker 88719796
67 67 4 Worker 960249928
68 68 4 Worker 67140028
69 69 4 Worker 834994080
70 70 4 Worker 207967829
71 71 4 Worker 936697691
72 72 4 Worker 80022591
73 73 4 Worker 832007932
74 74 4 Worker 727056274
75 75 4 Worker 258618678
76 76 4 Worker 50640272
77 77 4 Worker 160654132
78 78 4 Worker 611020533
79 79 4 Worker 876443211
80 80 4 Worker 320443974
81 81 4 Worker 526741687
82 82 4 Worker 845698314
83 83 4 Worker 805247998
84 84 4 Worker 117714339
85 85 4 Worker 256830240
86 86 4 Worker 390750795
87 87 4 Worker 242058454
88 88 4 Worker 145662108
89 89 4 Worker 421240448
90 90 4 Worker 92871706
91 91 4 Worker 154559630
92 92 4 Worker 374935299
93 93 4 Worker 268096258
94 94 4 Worker 465399996
95 95 4 Worker 473709856
96 96 4 Worker 835445050
97 97 4 Worker 188649788
98 98 4 Worker 959301650
99 99 4 Worker 264021598
100 100 4 Worker 493722362
101 101 4 Worker 423005134
102 102 4 Worker 516652909
103 103 4 Worker 208924811
104 104 4 Worker 569661529
105 105 4 Worker 805706060
106 106 4 Worker 175619088
107 107 4 Worker 158876255
108 108 4 Worker 787355124
109 109 4 Worker 116559495
110 110 4 Worker 662907952
111 111 4 Worker 601330672
112 112 4 Worker 290120537
113 113 4 Worker 484074291
114 114 4 Worker 279448124
115 115 4 Worker 970251429
116 116 4 Worker 886697759
117 117 4 Worker 776052202
118 118 4 Worker 570462455
119 119 4 Worker 349674769
120 120 4 Worker 529133237
121 121 4 Worker 993370770
122 122 4 Worker 929922834
123 123 4 Worker 944814155
124 124 4 Worker 892071701
125 125 4 Worker 405219556
126 126 4 Worker 132875348
127 127 4 Worker 278979841
128 128 4 Worker 747603296
129 129 4 Worker 227497302
130 130 4 Worker 106515528
131 131 4 Worker 778989654
132 132 4 Worker 549352072
133 133 4 Worker 162932080
134 134 4 Worker 194460407
135 135 4 Worker 462743427
136 136 4 Worker 706611939
137 137 4 Worker 53202138
138 138 4 Worker 224392227
139 139 4 Worker 568583252
140 140 4 Worker 682577678
141 141 4 Worker 773078488
142 142 4 Worker 790235429
143 143 4 Worker 371101542
144 144 4 Worker 887123425
145 145 4 Worker 666126222
146 146 4 Worker 388219819
147 147 4 Worker 243272395
148 148 4 Worker 947296972
149 149 4 Worker 657335705
150 150 4 Worker 259183330
151 151 4 Worker 404556679
152 152 4 Worker 182565714
153 153 4 Worker 456800447
154 154 4 Worker 600554012
155 155 4 Worker 856298671
156 156 4 Worker 758842909
157 157 4 Worker 495127617
158 158 4 Worker 788293658
159 159 4 Worker 942178213
160 160 4 Worker 319559483
161 161 4 Worker 505857591
162 162 4 Worker 136665646
163 163 4 Worker 140496091
164 164 4 Worker 992920281
165 165 4 Worker 660512112
166 166 4 Worker 690575815
167 167 4 Worker 933046812
168 168 4 Worker 620028502
169 169 4 Worker 677849601
170 170 4 Worker 810423196
171 171 4 Worker 507177
172 172 4 Worker 505823996
173 173 4 Worker 32864251
174 174 4 Worker 262211177
175 175 4 Worker 653699526
176 176 4 Worker 864154004
177 177 4 Worker 10988931
178 178 4 Worker 751119016
179 179 4 Worker 787439096
180 180 4 Worker 616047278
181 181 4 Worker 328147861
182 182 4 Worker 598020911
183 183 4 Worker 581867341
184 184 4 Worker 41187937
185 185 4 Worker 895666890
186 186 4 Worker 487238973
187 187 4 Worker 719342152
188 188 4 Worker 810495055
189 189 4 Worker 255042367
190 190 4 Worker 943363342
191 191 4 Worker 868194132
192 192 4 Worker 835851581
193 193 4 Worker 249764355
194 194 4 Worker 70284382
195 195 4 Worker 121899951
196 196 4 Worker 165552051
197 197 4 Worker 272912003
198 198 4 Worker 594671323
199 199 4 Worker 155943207
200 200 4 Worker 201468527
201 201 4 Worker 334141656
202 202 4 Worker 745176713
203 203 4 Worker 522969334
204 204 4 Worker 811351863
205 205 4 Worker 751573124
206 206 4 Worker 61915607
207 207 4 Worker 669265884
208 208 4 Worker 958421792
209 209 4 Worker 319508057
210 210 4 Worker 584207182
211 211 4 Worker 309453194
212 212 4 Worker 661671212
213 213 4 Worker 740590416
214 214 4 Worker 243911828
215 215 4 Worker 534996951
216 216 4 Worker 240429898
217 217 4 Worker 145171545
218 218 4 Worker 163540840
219 219 4 Worker 908731213
220 220 4 Worker 411250569
221 221 4 Worker 908049484
222 222 4 Worker 977538686
223 223 4 Worker 322438908
224 224 4 Worker 738543286
225 225 4 Worker 31606979
226 226 4 Worker 668218268
227 227 4 Worker 187580242
228 228 4 Worker 103761742
229 229 4 Worker 65225856
230 230 4 Worker 831573658
231 231 4 Worker 827165708
232 232 4 Worker 678945046
233 233 4 Worker 252608441
234 234 4 Worker 297705764
235 235 4 Worker 196317523
236 236 4 Worker 154985705
237 237 4 Worker 525869074
238 238 4 Worker 42584928
239 239 4 Worker 371167753
240 240 4 Worker 914647964
241 241 4 Worker 229856184
242 242 4 Worker 579185124
243 243 4 Worker 186339532
244 244 4 Worker 341702699
245 245 4 Worker 472311861
246 246 4 Worker 227835004
247 247 4 Worker 819662942
248 248 4 Worker 935221260
249 249 4 Worker 88134885
250 250 4 Worker 26311720
251 251 4 Worker 45874692
252 252 4 Worker 450416672
253 253 4 Worker 798731637
254 254 4 Worker 440149287
255 255 4 Worker 793099412
