0 0 -1 Splicer 922833231
1 1 0 Worker 103830078
2 2 -1 PersistentDB 613299298
3 3 -1 InMemoryDB 544751167
4 4 -1 WorkManager 608855433
5 5 4 Worker 230164650
6 6 4 Worker 167445852
7 7 4 Worker 916384005
8 8 4 Worker 818887529
9 9 4 Worker 265291747
10 10 4 Worker 286537557
11 11 4 Worker 476792359
12 12 4 Worker 123922582
13 13 4 Worker 188760090
14 14 4 Worker 628011599
15 15 4 Worker 661770285
16 16 4 Worker 460279289
17 17 4 Worker 376329251
18 18 4 Worker 412444221
19 19 4 Worker 217183373
20 20 4 Worker 107887663
21 21 4 Worker 625800095
22 22 4 Worker 227673065
23 23 4 Worker 446837749
24 24 4 Worker 355351616
25 25 4 Worker 796923023
26 26 4 Worker 988494560
27 27 4 Worker 461266089
28 28 4 Worker 289790357
29 29 4 Worker 351420842
30 30 4 Worker 315307230
31 31 4 Worker 297656976
32 32 4 Worker 663220297
33 33 4 Worker 513467980
34 34 4 Worker 291063647
35 35 4 Worker 485456337
36 36 4 Worker 167141464
37 37 4 Worker 535671147
38 38 4 Worker 945992059
39 39 4 Worker 633932368
40 40 4 Worker 263911111
41 41 4 Worker 166117848
42 42 4 Worker 56546370
43 43 4 Worker 934089370
44 44 4 Worker 666119279
45 45 4 Worker 415583111
46 46 4 Worker 606516326
47 47 4 Worker 465075776
48 48 4 Worker 297336757
49 49 4 Worker 906332924
50 50 4 Worker 447285361
51 51 4 Worker 325225968
52 52 4 Worker 123489874
53 53 4 Worker 168943502
54 54 4 Worker 617478360
55 55 4 Worker 455075976
56 56 4 Worker 231959230
57 57 4 Worker 782368621
58 58 4 Worker 614995232
59 59 4 Worker 843575500
60 60 4 Worker 90998991
61 61 4 Worker 965349509
62 62 4 Worker 439679667
63 63 4 Worker 912622576
64 64 4 Worker 907665206
65 65 4 Worker 110156984
66 66 4 Worker 564101248
67 67 4 Worker 618846048
68 68 4 Worker 155222890
69 69 4 Worker 233743205
70 70 4 Worker 140607058
71 71 4 Worker 843473635
72 72 4 Worker 81753438
73 73 4 Worker 986574130
74 74 4 Worker 494282583
75 75 4 Worker 368745036
76 76 4 Worker 776767761
77 77 4 Worker 964190028
78 78 4 Worker 81565632
79 79 4 Worker 958378282
80 80 4 Worker 838735492
81 81 4 Worker 515546558
82 82 4 Worker 156902895
83 83 4 Worker 310397175
84 84 4 Worker 720484526
85 85 4 Worker 137219021
86 86 4 Worker 785353577
87 87 4 Worker 95670607
88 88 4 Worker 36452362
89 89 4 Worker 23657820
90 90 4 Worker 515220309
91 91 4 Worker 859196712
92 92 4 Worker 852252714
93 93 4 Worker 368221251
94 94 4 Worker 157778001
95 95 4 Worker 28440387
96 96 4 Worker 85911885
97 97 4 Worker 268375507
98 98 4 Worker 349748130
99 99 4 Worker 998366858
100 100 4 Worker 696861116
101 101 4 Worker 334649533
102 102 4 Worker 317123723
103 103 4 Worker 884572298
104 104 4 Worker 808001804
105 105 4 Worker 356632737
106 106 4 Worker 210537877
107 107 4 Worker 412590841
108 108 4 Worker 886618908
109 109 4 Worker 430894618
110 110 4 Worker 724904979
111 111 4 Worker 662512193
112 112 4 Worker 606158054
113 113 4 Worker 479645536
114 114 4 Worker 876956327
115 115 4 Worker 337710202
116 116 4 Worker 477386829
117 117 4 Worker 770352554
118 118 4 Worker 175920505
119 119 4 Worker 772751150
120 120 4 Worker 129698784
121 121 4 Worker 142423835
122 122 4 Worker 253162602
123 123 4 Worker 61778104
124 124 4 Worker 879623432
125 125 4 Worker 956392381
126 126 4 Worker 871613976
127 127 4 Worker 473946697
128 128 4 Worker 130460421
129 129 4 Worker 776128314
130 130 4 Worker 529236903
131 131 4 Worker 20840529
132 132 4 Worker 611584748
133 133 4 Worker 34895995
134 134 4 Worker 562289324
135 135 4 Worker 556453501
136 136 4 Worker 692695496
137 137 4 Worker 397963556
138 138 4 Worker 183144031
139 139 4 Worker 589884416
140 140 4 Worker 484983225
141 141 4 Worker 492437024
142 142 4 Worker 337563267
143 143 4 Worker 914568693
144 144 4 Worker 740028557
145 145 4 Worker 953908066
146 146 4 Worker 162858255
147 147 4 Worker 830467566
148 148 4 Worker 171585817
149 149 4 Worker 440270208
150 150 4 Worker 201771972
151 151 4 Worker 407965844
152 152 4 Worker 503218763
153 153 4 Worker 517536485
154 154 4 Worker 898378484
155 155 4 Worker 339041464
156 156 4 Worker 104093886
157 157 4 Worker 82076162
158 158 4 Worker 440757654
159 159 4 Worker 348128482
160 160 4 Worker 510384013
161 161 4 Worker 652216428
162 162 4 Worker 154125380
163 163 4 Worker 609675048
164 164 4 Worker 890246540
165 165 4 Worker 826034585
166 166 4 Worker 532712105
167 167 4 Worker 870100747
168 168 4 Worker 531638768
169 169 4 Worker 406691173
170 170 4 Worker 931415539
171 171 4 Worker 613628691
172 172 4 Worker 116607020
173 173 4 Worker 277242134
174 174 4 Worker 714928677
175 175 4 Worker 44443760
176 176 4 Worker 27733175
177 177 4 Worker 682158945
178 178 4 Worker 802272136
179 179 4 Worker 226128641
180 180 4 Worker 524404184
181 181 4 Worker 970573456
182 182 4 Worker 171811726
183 183 4 Worker 794543330
184 184 4 Worker 847365895
185 185 4 Worker 704227496
186 186 4 Worker 691631230
187 187 4 Worker 147471632
188 188 4 Worker 436608726
189 189 4 Worker 214326101
190 190 4 Worker 868180682
191 191 4 Worker 966547281
192 192 4 Worker 6915106
193 193 4 Worker 343048190
194 194 4 Worker 428881975
195 195 4 Worker 217793506
196 196 4 Worker 485368968
197 197 4 Worker 116744523
198 198 4 Worker 723029236
199 199 4 Worker 951521430
200 200 4 Worker 823447284
201 201 4 Worker 317703356
202 202 4 Worker 591329772
203 203 4 Worker 784280456
204 204 4 Worker 213369053
205 205 4 Worker 522115624
206 206 4 Worker 74896949
207 207 4 Worker 353551253
208 208 4 Worker 954329454
209 209 4 Worker 650653218
210 210 4 Worker 683736663
211 211 4 Worker 292907190
212 212 4 Worker 197508682
213 213 4 Worker 181414425
214 214 4 Worker 870003942
215 215 4 Worker 369111680
216 216 4 Worker 322449359
217 217 4 Worker 688434397
218 218 4 Worker 761153298
219 219 4 Worker 652129445
220 220 4 Worker 116945947
221 221 4 Worker 8472908
222 222 4 Worker 548815728
223 223 4 Worker 165215819
224 224 4 Worker 426881716
225 225 4 Worker 1218409
226 226 4 Worker 853779027
227 227 4 Worker 760408920
228 228 4 Worker 528484798
229 229 4 Worker 538396904
230 230 4 Worker 890079794
231 231 4 Worker 50945084
232 232 4 Worker 334344982
233 233 4 Worker 525008714
234 234 4 Worker 141383965
235 235 4 Worker 394189896
236 236 4 Worker 4255788
237 237 4 Worker 909057487
238 238 4 Worker 878232288
239 239 4 Worker 855499973
240 240 4 Worker 442814895
241 241 4 Worker 610388872
242 242 4 Worker 660027671
243 243 4 Worker 234079289
244 244 4 Worker 349153745
245 245 4 Worker 148664574
246 246 4 Worker 556624774
247 247 4 Worker 715058019
248 248 4 Worker 271345255
249 249 4 Worker 841583424
250 250 4 Worker 2799954
251 251 4 Worker 587553347
252 252 4 Worker 14945340
253 253 4 Worker 483165730
254 254 4 Worker 22230177
255 255 4 Worker 104068814
