0 0 -1 Splicer 432802785
1 1 0 Worker 438425846
2 2 -1 PersistentDB 326511041
3 3 -1 InMemoryDB 168683512
4 4 -1 WorkManager 360482901
5 5 4 Worker 571677681
6 6 4 Worker 18615701
7 7 4 Worker 784203951
8 8 4 Worker 51471664
9 9 4 Worker 101623423
10 10 4 Worker 698456355
11 11 4 Worker 758824616
12 12 4 Worker 118154578
13 13 4 Worker 761348027
14 14 4 Worker 58420935
15 15 4 Worker 343294914
16 16 4 Worker 46126090
17 17 4 Worker 167142698
18 18 4 Worker 257025860
19 19 4 Worker 888785033
20 20 4 Worker 50985525
21 21 4 Worker 604035438
22 22 4 Worker 639390172
23 23 4 Worker 387306692
24 24 4 Worker 352261553
25 25 4 Worker 730065886
26 26 4 Worker 571661811
27 27 4 Worker 607348911
28 28 4 Worker 965298418
29 29 4 Worker 502343825
30 30 4 Worker 338635843
31 31 4 Worker 481923464
32 32 4 Worker 940896832
33 33 4 Worker 516326790
34 34 4 Worker 574390030
35 35 4 Worker 962830433
36 36 4 Worker 310681470
37 37 4 Worker 779505478
38 38 4 Worker 462876131
39 39 4 Worker 67180461
40 40 4 Worker 369297634
41 41 4 Worker 299624687
42 42 4 Worker 372671478
43 43 4 Worker 990716849
44 44 4 Worker 700727434
45 45 4 Worker 693981286
46 46 4 Worker 484703026
47 47 4 Worker 752600757
48 48 4 Worker 241069721
49 49 4 Worker 499573119
50 50 4 Worker 117540079
51 51 4 Worker 846589984
52 52 4 Worker 629309970
53 53 4 Worker 612194312
54 54 4 Worker 484904621
55 55 4 Worker 567353611
56 56 4 Worker 8157269
57 57 4 Worker 253100985
58 58 4 Worker 854618434
59 59 4 Worker 998935969
60 60 4 Worker 435714314
61 61 4 Worker 775607323
62 62 4 Worker 514684137
63 63 4 Worker 905367514
64 64 4 Worker 143680880
65 65 4 Worker 222427679
66 66 4 Worker 32011505
67 67 4 Worker 877032666
68 68 4 Worker 963944253
69 69 4 Worker 751799038
70 70 4 Worker 908875885
71 71 4 Worker 63988091
72 72 4 Worker 523507764
73 73 4 Worker 482099519
74 74 4 Worker 387046164
75 75 4 Worker 196693753
76 76 4 Worker 162198895
77 77 4 Worker 214188784
78 78 4 Worker 516099985
79 79 4 Worker 281510118
80 80 4 Worker 348292793
81 81 4 Worker 751993539
82 82 4 Worker 539372292
83 83 4 Worker 818173287
84 84 4 Worker 415580279
85 85 4 Worker 321343623
86 86 4 Worker 885755955
87 87 4 Worker 205184008
88 88 4 Worker 267460053
89 89 4 Worker 460370976
90 90 4 Worker 187274117
91 91 4 Worker 864427853
92 92 4 Worker 368204062
93 93 4 Worker 130431011
94 94 4 Worker 418370146
95 95 4 Worker 970013541
96 96 4 Worker 854724282
97 97 4 Worker 394587096
98 98 4 Worker 981674156
99 99 4 Worker 680232487
100 100 4 Worker 566222635
101 101 4 Worker 28042776
102 102 4 Worker 882096570
103 103 4 Worker 706757009
104 104 4 Worker 983463006
105 105 4 Worker 115800733
106 106 4 Worker 85234708
107 107 4 Worker 691993734
108 108 4 Worker 783531593
109 109 4 Worker 124325346
110 110 4 Worker 937323973
111 111 4 Worker 682810980
112 112 4 Worker 810345827
113 113 4 Worker 18576962
114 114 4 Worker 551154472
115 115 4 Worker 689198746
116 116 4 Worker 448514378
117 117 4 Worker 272106127
118 118 4 Worker 905177335
119 119 4 Worker 513622674
120 120 4 Worker 874585757
121 121 4 Worker 671267328
122 122 4 Worker 421860245
123 123 4 Worker 124742783
124 124 4 Worker 620915602
125 125 4 Worker 10252015
126 126 4 Worker 910166124
127 127 4 Worker 10155009
128 128 4 Worker 902675389
129 129 4 Worker 38909330
130 130 4 Worker 289186309
131 131 4 Worker 404910080
132 132 4 Worker 700715981
133 133 4 Worker 422122961
134 134 4 Worker 804526406
135 135 4 Worker 920086867
136 136 4 Worker 250848728
137 137 4 Worker 437361357
138 138 4 Worker 92673470
139 139 4 Worker 964864275
140 140 4 Worker 50940276
141 141 4 Worker 783185801
142 142 4 Worker 565552380
143 143 4 Worker 472199622
144 144 4 Worker 470901273
145 145 4 Worker 720271480
146 146 4 Worker 750128779
147 147 4 Worker 228057095
148 148 4 Worker 283392469
149 149 4 Worker 83518861
150 150 4 Worker 980457848
151 151 4 Worker 596731538
152 152 4 Worker 320610190
153 153 4 Worker 379269277
154 154 4 Worker 899902795
155 155 4 Worker 213099540
156 156 4 Worker 605872935
157 157 4 Worker 632776231
158 158 4 Worker 270874755
159 159 4 Worker 646581696
160 160 4 Worker 667882337
161 161 4 Worker 830851578
162 162 4 Worker 376576931
163 163 4 Worker 113597242
164 164 4 Worker 711588979
165 165 4 Worker 894431934
166 166 4 Worker 622683865
167 167 4 Worker 88224815
168 168 4 Worker 77231280
169 169 4 Worker 697477194
170 170 4 Worker 577456035
171 171 4 Worker 413380903
172 172 4 Worker 929110302
173 173 4 Worker 300974340
174 174 4 Worker 519459714
175 175 4 Worker 217001120
176 176 4 Worker 738345331
177 177 4 Worker 553051298
178 178 4 Worker 396848598
179 179 4 Worker 216659320
180 180 4 Worker 120018751
181 181 4 Worker 57859306
182 182 4 Worker 789327722
183 183 4 Worker 672093771
184 184 4 Worker 642354227
185 185 4 Worker 977966556
186 186 4 Worker 687339818
187 187 4 Worker 996512334
188 188 4 Worker 361173115
189 189 4 Worker 40487415
190 190 4 Worker 966077975
191 191 4 Worker 777117939
192 192 4 Worker 836652965
193 193 4 Worker 840942998
194 194 4 Worker 714117344
195 195 4 Worker 687978425
196 196 4 Worker 261667024
197 197 4 Worker 694173107
198 198 4 Worker 80890105
199 199 4 Worker 525384022
200 200 4 Worker 193513168
201 201 4 Worker 351785282
202 202 4 Worker 820002484
203 203 4 Worker 825358352
204 204 4 Worker 898951738
205 205 4 Worker 292158694
206 206 4 Worker 887312015
207 207 4 Worker 839838649
208 208 4 Worker 511732146
209 209 4 Worker 93612978
210 210 4 Worker 362815926
211 211 4 Worker 635435929
212 212 4 Worker 536712099
213 213 4 Worker 903329482
214 214 4 Worker 937276875
215 215 4 Worker 719496587
216 216 4 Worker 898964901
217 217 4 Worker 342668231
218 218 4 Worker 963306547
219 219 4 Worker 365895961
220 220 4 Worker 473861201
221 221 4 Worker 599535580
222 222 4 Worker 426517687
223 223 4 Worker 74054401
224 224 4 Worker 173223700
225 225 4 Worker 814794489
226 226 4 Worker 105174051
227 227 4 Worker 437527288
228 228 4 Worker 444416014
229 229 4 Worker 403997622
230 230 4 Worker 182253136
231 231 4 Worker 291022276
232 232 4 Worker 480411524
233 233 4 Worker 13146365
234 234 4 Worker 541645219
235 235 4 Worker 795734547
236 236 4 Worker 447807794
237 237 4 Worker 339039381
238 238 4 Worker 321975087
239 239 4 Worker 25675775
240 240 4 Worker 208679028
241 241 4 Worker 302077719
242 242 4 Worker 898527886
243 243 4 Worker 586601920
244 244 4 Worker 191371965
245 245 4 Worker 796763527
246 246 4 Worker 684544205
247 247 4 Worker 783876699
248 248 4 Worker 229479067
249 249 4 Worker 34226046
250 250 4 Worker 876616435
251 251 4 Worker 26408423
252 252 4 Worker 663858112
253 253 4 Worker 47971926
254 254 4 Worker 32799742
255 255 4 Worker 313764324
