0 0 -1 Splicer 254220779
1 1 0 Worker 298084011
2 2 -1 PersistentDB 419706385
3 3 -1 InMemoryDB 616736132
4 4 -1 WorkManager 340020523
5 5 4 Worker 904360554
6 6 4 Worker 334471013
7 7 4 Worker 92789725
8 8 4 Worker 848562153
9 9 4 Worker 739572324
10 10 4 Worker 283949626
11 11 4 Worker 270611923
12 12 4 Worker 49780950
13 13 4 Worker 216129130
14 14 4 Worker 225657471
15 15 4 Worker 643114592
16 16 4 Worker 974827166
17 17 4 Worker 901605176
18 18 4 Worker 883802506
19 19 4 Worker 918943180
20 20 4 Worker 285606729
21 21 4 Worker 984024624
22 22 4 Worker 984313362
23 23 4 Worker 981705888
24 24 4 Worker 670414541
25 25 4 Worker 581866425
26 26 4 Worker 383124220
27 27 4 Worker 2511034
28 28 4 Worker 987777112
29 29 4 Worker 435698417
30 30 4 Worker 921414306
31 31 4 Worker 413198809
32 32 4 Worker 818219201
33 33 4 Worker 595419059
34 34 4 Worker 935535897
35 35 4 Worker 703085247
36 36 4 Worker 372910437
37 37 4 Worker 441143841
38 38 4 Worker 522052494
39 39 4 Worker 273860739
40 40 4 Worker 631810677
41 41 4 Worker 898337214
42 42 4 Worker 618088522
43 43 4 Worker 144495551
44 44 4 Worker 854536326
45 45 4 Worker 728627531
46 46 4 Worker 619572516
47 47 4 Worker 278450840
48 48 4 Worker 423926552
49 49 4 Worker 417278619
50 50 4 Worker 514557652
51 51 4 Worker 680128710
52 52 4 Worker 852035547
53 53 4 Worker 778465656
54 54 4 Worker 181181046
55 55 4 Worker 17936686
56 56 4 Worker 535605434
57 57 4 Worker 514840281
58 58 4 Worker 950980758
59 59 4 Worker 318800998
60 60 4 Worker 547922089
61 61 4 Worker 614362050
62 62 4 Worker 273319319
63 63 4 Worker 50574404
64 64 4 Worker 808596874
65 65 4 Worker 761448378
66 66 4 Worker 7930970
67 67 4 Worker 518928690
68 68 4 Worker 739342839
69 69 4 Worker 252502818
70 70 4 Worker 351975746
71 71 4 Worker 378336148
72 72 4 Worker 795077827
73 73 4 Worker 355027850
74 74 4 Worker 805371449
75 75 4 Worker 359752708
76 76 4 Worker 502896056
77 77 4 Worker 761355527
78 78 4 Worker 585431990
79 79 4 Worker 89809470
80 80 4 Worker 688008389
81 81 4 Worker 388761669
82 82 4 Worker 11469803
83 83 4 Worker 106417238
84 84 4 Worker 340899652
85 85 4 Worker 81129184
86 86 4 Worker 364817201
87 87 4 Worker 719470997
88 88 4 Worker 684978036
89 89 4 Worker 224692865
90 90 4 Worker 818170121
91 91 4 Worker 241762835
92 92 4 Worker 426047075
93 93 4 Worker 931151630
94 94 4 Worker 774096812
95 95 4 Worker 700524163
96 96 4 Worker 779735815
97 97 4 Worker 170943148
98 98 4 Worker 566235367
99 99 4 Worker 467804660
100 100 4 Worker 247005459
101 101 4 Worker 380321206
102 102 4 Worker 816185860
103 103 4 Worker 18768325
104 104 4 Worker 398025759
105 105 4 Worker 633033255
106 106 4 Worker 678938827
107 107 4 Worker 119429429
108 108 4 Worker 655913448
109 109 4 Worker 395432611
110 110 4 Worker 153829697
111 111 4 Worker 877645978
112 112 4 Worker 940926666
113 113 4 Worker 971093252
114 114 4 Worker 246800677
115 115 4 Worker 592215903
116 116 4 Worker 83700362
117 117 4 Worker 152487074
118 118 4 Worker 975871802
119 119 4 Worker 320330438
120 120 4 Worker 399285653
121 121 4 Worker 306465593
122 122 4 Worker 899625945
123 123 4 Worker 185315385
124 124 4 Worker 268610721
125 125 4 Worker 711991347
126 126 4 Worker 766757437
127 127 4 Worker 960273022
128 128 4 Worker 150237981
129 129 4 Worker 247123729
130 130 4 Worker 53171939
131 131 4 Worker 56259609
132 132 4 Worker 43153444
133 133 4 Worker 565369898
134 134 4 Worker 58872076
135 135 4 Worker 464559303
136 136 4 Worker 821824428
137 137 4 Worker 940650724
138 138 4 Worker 975431421
139 139 4 Worker 30385480
140 140 4 Worker 822326058
141 141 4 Worker 740222943
142 142 4 Worker 499595137
143 143 4 Worker 716248435
144 144 4 Worker 291708476
145 145 4 Worker 940563921
146 146 4 Worker 293275103
147 147 4 Worker 947028570
148 148 4 Worker 62379354
149 149 4 Worker 352665773
150 150 4 Worker 342736297
151 151 4 Worker 12036956
152 152 4 Worker 639043150
153 153 4 Worker 111124658
154 154 4 Worker 898933943
155 155 4 Worker 21886092
156 156 4 Worker 781091394
157 157 4 Worker 370483776
158 158 4 Worker 658077758
159 159 4 Worker 472151769
160 160 4 Worker 503532664
161 161 4 Worker 205153291
162 162 4 Worker 934099304
163 163 4 Worker 414207713
164 164 4 Worker 162389099
165 165 4 Worker 755535553
166 166 4 Worker 227211476
167 167 4 Worker 566387248
168 168 4 Worker 3006307
169 169 4 Worker 955721870
170 170 4 Worker 943824013
171 171 4 Worker 528521547
172 172 4 Worker 193827693
173 173 4 Worker 670084981
174 174 4 Worker 822864280
175 175 4 Worker 334773519
176 176 4 Worker 353165883
177 177 4 Worker 712138585
178 178 4 Worker 606930470
179 179 4 Worker 727606550
180 180 4 Worker 200227524
181 181 4 Worker 884775711
182 182 4 Worker 117239588
183 183 4 Worker 622267335
184 184 4 Worker 974189795
185 185 4 Worker 643048847
186 186 4 Worker 816072864
187 187 4 Worker 31228553
188 188 4 Worker 301361926
189 189 4 Worker 487998541
190 190 4 Worker 336948010
191 191 4 Worker 946582854
192 192 4 Worker 652851224
193 193 4 Worker 386864944
194 194 4 Worker 831206864
195 195 4 Worker 93509590
196 196 4 Worker 550586974
197 197 4 Worker 695115419
198 198 4 Worker 724380683
199 199 4 Worker 885482289
200 200 4 Worker 423836084
201 201 4 Worker 664150552
202 202 4 Worker 662245025
203 203 4 Worker 688481246
204 204 4 Worker 828912848
205 205 4 Worker 501632971
206 206 4 Worker 87329883
207 207 4 Worker 895628594
208 208 4 Worker 238313165
209 209 4 Worker 28658812
210 210 4 Worker 173145265
211 211 4 Worker 169246118
212 212 4 Worker 264129147
213 213 4 Worker 912859324
214 214 4 Worker 526399692
215 215 4 Worker 461845186
216 216 4 Worker 520890684
217 217 4 Worker 240812263
218 218 4 Worker 391204722
219 219 4 Worker 76972500
220 220 4 Worker 11628259
221 221 4 Worker 738069639
222 222 4 Worker 320373459
223 223 4 Worker 973337407
224 224 4 Worker 547860440
225 225 4 Worker 424321041
226 226 4 Worker 762935131
227 227 4 Worker 352594639
228 228 4 Worker 650084646
229 229 4 Worker 982468688
230 230 4 Worker 615767053
231 231 4 Worker 970708367
232 232 4 Worker 288954577
233 233 4 Worker 836751267
234 234 4 Worker 420812267
235 235 4 Worker 485853227
236 236 4 Worker 651286380
237 237 4 Worker 38206137
238 238 4 Worker 157816237
239 239 4 Worker 903166356
240 240 4 Worker 641336035
241 241 4 Worker 602156864
242 242 4 Worker 286395021
243 243 4 Worker 950977867
244 244 4 Worker 813204525
245 245 4 Worker 595779462
246 246 4 Worker 13893513
247 247 4 Worker 24173394
248 248 4 Worker 194308937
249 249 4 Worker 945954847
250 250 4 Worker 697050873
251 251 4 Worker 353292871
252 252 4 Worker 683960761
253 253 4 Worker 905090789
254 254 4 Worker 156512024
255 255 4 Worker 315730057
