0 0 -1 Splicer 151642584
1 1 0 Worker 669475126
2 2 -1 PersistentDB 921736852
3 3 -1 InMemoryDB 67657524
4 4 -1 WorkManager 346923241
5 5 4 Worker 682705109
6 6 4 Worker 834442714
7 7 4 Worker 847153087
8 8 4 Worker 998853814
9 9 4 Worker 917222488
10 10 4 Worker 608563689
11 11 4 Worker 334575067
12 12 4 Worker 108382450
13 13 4 Worker 574013277
14 14 4 Worker 761828767
15 15 4 Worker 349842141
16 16 4 Worker 7881321
17 17 4 Worker 88589112
18 18 4 Worker 185065504
19 19 4 Worker 43417112
20 20 4 Worker 422572660
21 21 4 Worker 105148651
22 22 4 Worker 29639564
23 23 4 Worker 481071323
24 24 4 Worker 884452764
25 25 4 Worker 818169254
26 26 4 Worker 791576701
27 27 4 Worker 571063626
28 28 4 Worker 507886047
29 29 4 Worker 270848249
30 30 4 Worker 109064149
31 31 4 Worker 975874687
32 32 4 Worker 901079515
33 33 4 Worker 534033258
34 34 4 Worker 861421961
35 35 4 Worker 572014467
36 36 4 Worker 758391482
37 37 4 Worker 130562405
38 38 4 Worker 797622620
39 39 4 Worker 9707632
40 40 4 Worker 664516421
41 41 4 Worker 327691122
42 42 4 Worker 900829251
43 43 4 Worker 122195936
44 44 4 Worker 35903063
45 45 4 Worker 177601184
46 46 4 Worker 126322922
47 47 4 Worker 507430290
48 48 4 Worker 996390254
49 49 4 Worker 469213979
50 50 4 Worker 271105975
51 51 4 Worker 310765407
52 52 4 Worker 632340604
53 53 4 Worker 411548352
54 54 4 Worker 617186006
55 55 4 Worker 576081208
56 56 4 Worker 994751369
57 57 4 Worker 698261732
58 58 4 Worker 765849000
59 59 4 Worker 662989905
60 60 4 Worker 964755350
61 61 4 Worker 37228775
62 62 4 Worker 395733136
63 63 4 Worker 699317655
64 64 4 Worker 796972833
65 65 4 Worker 304106463
66 66 4 Worker 98220243
67 67 4 Worker 573920080
68 68 4 Worker 323802411
69 69 4 Worker 521911097
70 70 4 Worker 422001175
71 71 4 Worker 761741454
72 72 4 Worker 2753982
73 73 4 Worker 312666901
74 74 4 Worker 863766976
75 75 4 Worker 29178705
76 76 4 Worker 475508153
77 77 4 Worker 365892514
78 78 4 Worker 937530223
79 79 4 Worker 671545131
80 80 4 Worker 206937548
81 81 4 Worker 25014900
82 82 4 Worker 31638505
83 83 4 Worker 835409765
84 84 4 Worker 293698704
85 85 4 Worker 584465360
86 86 4 Worker 568196335
87 87 4 Worker 151931748
88 88 4 Worker 786790998
89 89 4 Worker 985198941
90 90 4 Worker 243545950
91 91 4 Worker 926531814
92 92 4 Worker 600541932
93 93 4 Worker 251694483
94 94 4 Worker 139593313
95 95 4 Worker 329654576
96 96 4 Worker 27047910
97 97 4 Worker 899551276
98 98 4 Worker 961377030
99 99 4 Worker 860780598
100 100 4 Worker 229238194
101 101 4 Worker 177004930
102 102 4 Worker 504872576
103 103 4 Worker 61935328
104 104 4 Worker 334536564
105 105 4 Worker 249090799
106 106 4 Worker 630563909
107 107 4 Worker 608317217
108 108 4 Worker 224827654
109 109 4 Worker 653329329
110 110 4 Worker 468240745
111 111 4 Worker 420777137
112 112 4 Worker 563277100
113 113 4 Worker 573959111
114 114 4 Worker 111362877
115 115 4 Worker 525011427
116 116 4 Worker 278036847
117 117 4 Worker 758573969
118 118 4 Worker 202417834
119 119 4 Worker 99689302
120 120 4 Worker 217134492
121 121 4 Worker 747172548
122 122 4 Worker 201602432
123 123 4 Worker 534657113
124 124 4 Worker 72786298
125 125 4 Worker 520451868
126 126 4 Worker 563066327
127 127 4 Worker 52452673
128 128 4 Worker 849759173
129 129 4 Worker 362117757
130 130 4 Worker 734495005
131 131 4 Worker 197470299
132 132 4 Worker 263894297
133 133 4 Worker 418884359
134 134 4 Worker 652786267
135 135 4 Worker 805178799
136 136 4 Worker 824510441
137 137 4 Worker 491719401
138 138 4 Worker 784282211
139 139 4 Worker 121105034
140 140 4 Worker 532064546
141 141 4 Worker 504769503
142 142 4 Worker 880510237
143 143 4 Worker 828149837
144 144 4 Worker 898440046
145 145 4 Worker 317333613
146 146 4 Worker 463447193
147 147 4 Worker 932061816
148 148 4 Worker 402041750
149 149 4 Worker 431706401
150 150 4 Worker 82018995
151 151 4 Worker 618371300
152 152 4 Worker 707268099
153 153 4 Worker 774929136
154 154 4 Worker 277098972
155 155 4 Worker 309744639
156 156 4 Worker 694191671
157 157 4 Worker 155139168
158 158 4 Worker 428848828
159 159 4 Worker 24976231
160 160 4 Worker 616376692
161 161 4 Worker 269986497
162 162 4 Worker 833194745
163 163 4 Worker 564483469
164 164 4 Worker 564734092
165 165 4 Worker 185745759
166 166 4 Worker 291225317
167 167 4 Worker 203136674
168 168 4 Worker 816165942
169 169 4 Worker 40142144
170 170 4 Worker 249583072
171 171 4 Worker 963041164
172 172 4 Worker 285342805
173 173 4 Worker 308121464
174 174 4 Worker 37658013
175 175 4 Worker 714459980
176 176 4 Worker 82519229
177 177 4 Worker 830511067
178 178 4 Worker 798012274
179 179 4 Worker 781278422
180 180 4 Worker 775420275
181 181 4 Worker 215667093
182 182 4 Worker 234240234
183 183 4 Worker 405502495
184 184 4 Worker 963598934
185 185 4 Worker 598884752
186 186 4 Worker 703351512
187 187 4 Worker 278737435
188 188 4 Worker 753464536
189 189 4 Worker 787293767
190 190 4 Worker 754071426
191 191 4 Worker 309184248
192 192 4 Worker 789366491
193 193 4 Worker 814073273
194 194 4 Worker 658071949
195 195 4 Worker 411570261
196 196 4 Worker 931651147
197 197 4 Worker 760337304
198 198 4 Worker 628569539
199 199 4 Worker 546388637
200 200 4 Worker 353857385
201 201 4 Worker 823548305
202 202 4 Worker 753727615
203 203 4 Worker 954114568
204 204 4 Worker 408490525
205 205 4 Worker 212290872
206 206 4 Worker 55682840
207 207 4 Worker 236623192
208 208 4 Worker 772970214
209 209 4 Worker 377283704
210 210 4 Worker 822926332
211 211 4 Worker 180457481
212 212 4 Worker 804107108
213 213 4 Worker 247162904
214 214 4 Worker 974437099
215 215 4 Worker 761306184
216 216 4 Worker 415585991
217 217 4 Worker 884078560
218 218 4 Worker 713567789
219 219 4 Worker 998222456
220 220 4 Worker 595152956
221 221 4 Worker 149259269
222 222 4 Worker 345183143
223 223 4 Worker 272125088
224 224 4 Worker 385223346
225 225 4 Worker 238983272
226 226 4 Worker 956109793
227 227 4 Worker 486940578
228 228 4 Worker 244223143
229 229 4 Worker 984616125
230 230 4 Worker 948593609
231 231 4 Worker 400668472
232 232 4 Worker 650003233
233 233 4 Worker 975849363
234 234 4 Worker 545588546
235 235 4 Worker 312198904
236 236 4 Worker 598007785
237 237 4 Worker 28280291
238 238 4 Worker 899807686
239 239 4 Worker 94137318
240 240 4 Worker 488537133
241 241 4 Worker 728494943
242 242 4 Worker 420083567
243 243 4 Worker 594965606
244 244 4 Worker 299416209
245 245 4 Worker 970847611
246 246 4 Worker 476772588
247 247 4 Worker 828148880
248 248 4 Worker 136509980
249 249 4 Worker 413120970
250 250 4 Worker 639496841
251 251 4 Worker 355744271
252 252 4 Worker 572856710
253 253 4 Worker 750374447
254 254 4 Worker 977876162
255 255 4 Worker 713404756
