0 0 -1 Splicer 145578224
1 1 0 Worker 38835387
2 2 -1 PersistentDB 801510282
3 3 -1 InMemoryDB 640639133
4 4 -1 WorkManager 272836503
5 5 4 Worker 775107581
6 6 4 Worker 598428301
7 7 4 Worker 141242110
8 8 4 Worker 664055502
9 9 4 Worker 799169677
10 10 4 Worker 764181335
11 11 4 Worker 650269370
12 12 4 Worker 584856889
13 13 4 Worker 952676803
14 14 4 Worker 119874608
15 15 4 Worker 226992744
16 16 4 Worker 836304801
17 17 4 Worker 774078089
18 18 4 Worker 62814561
19 19 4 Worker 381905965
20 20 4 Worker 7588741
21 21 4 Worker 923789065
22 22 4 Worker 47405723
23 23 4 Worker 806176017
24 24 4 Worker 40803550
25 25 4 Worker 419775754
26 26 4 Worker 202668743
27 27 4 Worker 865366698
28 28 4 Worker 226225542
29 29 4 Worker 659576302
30 30 4 Worker 599639396
31 31 4 Worker 242790604
32 32 4 Worker 298076820
33 33 4 Worker 866190285
34 34 4 Worker 93188842
35 35 4 Worker 278937055
36 36 4 Worker 625746289
37 37 4 Worker 389448314
38 38 4 Worker 131647195
39 39 4 Worker 661902446
40 40 4 Worker 337656747
41 41 4 Worker 745298234
42 42 4 Worker 353616617
43 43 4 Worker 586873905
44 44 4 Worker 861889733
45 45 4 Worker 845983805
46 46 4 Worker 58259990
47 47 4 Worker 712936966
48 48 4 Worker 905105894
49 49 4 Worker 654650453
50 50 4 Worker 443884169
51 51 4 Worker 587676187
52 52 4 Worker 237138797
53 53 4 Worker 591006999
54 54 4 Worker 417799289
55 55 4 Worker 213582554
56 56 4 Worker 497192789
57 57 4 Worker 515283650
58 58 4 Worker 17456874
59 59 4 Worker 591349736
60 60 4 Worker 573746390
61 61 4 Worker 963868018
62 62 4 Worker 109011364
63 63 4 Worker 460281281
64 64 4 Worker 492593865
65 65 4 Worker 692696021
66 66 4 Worker 825843310
67 67 4 Worker 677207380
68 68 4 Worker 814330343
69 69 4 Worker 279116136
70 70 4 Worker 307656094
71 71 4 Worker 629896697
72 72 4 Worker 2462414
73 73 4 Worker 774355418
74 74 4 Worker 349041277
75 75 4 Worker 197330286
76 76 4 Worker 98076008
77 77 4 Worker 490036661
78 78 4 Worker 964871640
79 79 4 Worker 472284145
80 80 4 Worker 167484152
81 81 4 Worker 955083058
82 82 4 Worker 74806823
83 83 4 Worker 965124303
84 84 4 Worker 606883463
85 85 4 Worker 31396352
86 86 4 Worker 753470366
87 87 4 Worker 243047380
88 88 4 Worker 906298274
89 89 4 Worker 674633508
90 90 4 Worker 776351834
91 91 4 Worker 511174529
92 92 4 Worker 689665570
93 93 4 Worker 285873138
94 94 4 Worker 341051000
95 95 4 Worker 384253816
96 96 4 Worker 900002131
97 97 4 Worker 908920771
98 98 4 Worker 280207943
99 99 4 Worker 482690247
100 100 4 Worker 349728753
101 101 4 Worker 708069535
102 102 4 Worker 44187047
103 103 4 Worker 34123017
104 104 4 Worker 660830391
105 105 4 Worker 882878888
106 106 4 Worker 49394723
107 107 4 Worker 422861415
108 108 4 Worker 587553303
109 109 4 Worker 181942997
110 110 4 Worker 181178807
111 111 4 Worker 873498379
112 112 4 Worker 668833546
113 113 4 Worker 204961715
114 114 4 Worker 191038567
115 115 4 Worker 153397190
116 116 4 Worker 552324551
117 117 4 Worker 792208052
118 118 4 Worker 888631735
119 119 4 Worker 391046199
120 120 4 Worker 906218576
121 121 4 Worker 650343014
122 122 4 Worker 543162897
123 123 4 Worker 447550368
124 124 4 Worker 776071963
125 125 4 Worker 870014019
126 126 4 Worker 985135207
127 127 4 Worker 689679286
128 128 4 Worker 45413388
129 129 4 Worker 676543647
130 130 4 Worker 869516362
131 131 4 Worker 759043567
132 132 4 Worker 966450122
133 133 4 Worker 530606272
134 134 4 Worker 533929924
135 135 4 Worker 474169796
136 136 4 Worker 32981148
137 137 4 Worker 360932782
138 138 4 Worker 634931336
139 139 4 Worker 292084874
140 140 4 Worker 356470707
141 141 4 Worker 876404682
142 142 4 Worker 37729850
143 143 4 Worker 987260892
144 144 4 Worker 255247606
145 145 4 Worker 74871033
146 146 4 Worker 494656341
147 147 4 Worker 688585218
148 148 4 Worker 707062991
149 149 4 Worker 900651055
150 150 4 Worker 414971644
151 151 4 Worker 230947075
152 152 4 Worker 918506089
153 153 4 Worker 223252755
154 154 4 Worker 310819149
155 155 4 Worker 112841520
156 156 4 Worker 644407654
157 157 4 Worker 555987199
158 158 4 Worker 279925335
159 159 4 Worker 682951537
160 160 4 Worker 425574409
161 161 4 Worker 221818687
162 162 4 Worker 276931932
163 163 4 Worker 466030508
164 164 4 Worker 915825068
165 165 4 Worker 562779857
166 166 4 Worker 926612027
167 167 4 Worker 933269201
168 168 4 Worker 435920011
169 169 4 Worker 370131512
170 170 4 Worker 477566399
171 171 4 Worker 291407796
172 172 4 Worker 950923839
173 173 4 Worker 945738209
174 174 4 Worker 254296194
175 175 4 Worker 526679196
176 176 4 Worker 128340892
177 177 4 Worker 877224541
178 178 4 Worker 489190256
179 179 4 Worker 238264845
180 180 4 Worker 74441749
181 181 4 Worker 437343222
182 182 4 Worker 170735620
183 183 4 Worker 174719855
184 184 4 Worker 273195215
185 185 4 Worker 417266725
186 186 4 Worker 46312531
187 187 4 Worker 566834945
188 188 4 Worker 359834643
189 189 4 Worker 383660387
190 190 4 Worker 406992518
191 191 4 Worker 589307259
192 192 4 Worker 108174108
193 193 4 Worker 945855642
194 194 4 Worker 800587538
195 195 4 Worker 113471454
196 196 4 Worker 134428915
197 197 4 Worker 857211275
198 198 4 Worker 509901262
199 199 4 Worker 5685265
200 200 4 Worker 220385918
201 201 4 Worker 36558793
202 202 4 Worker 979713257
203 203 4 Worker 521101951
204 204 4 Worker 865138308
205 205 4 Worker 507160897
206 206 4 Worker 10557329
207 207 4 Worker 48123019
208 208 4 Worker 970419077
209 209 4 Worker 722043274
210 210 4 Worker 984936271
211 211 4 Worker 701869580
212 212 4 Worker 35990726
213 213 4 Worker 241157944
214 214 4 Worker 642509492
215 215 4 Worker 332697937
216 216 4 Worker 804541315
217 217 4 Worker 326740429
218 218 4 Worker 158730652
219 219 4 Worker 55166867
220 220 4 Worker 748300589
221 221 4 Worker 575473142
222 222 4 Worker 678676209
223 223 4 Worker 344868523
224 224 4 Worker 854921171
225 225 4 Worker 807070884
226 226 4 Worker 878766648
227 227 4 Worker 850794775
228 228 4 Worker 223237329
229 229 4 Worker 686783064
230 230 4 Worker 94392718
231 231 4 Worker 394588141
232 232 4 Worker 383197671
233 233 4 Worker 26755459
234 234 4 Worker 571142887
235 235 4 Worker 158921491
236 236 4 Worker 932957411
237 237 4 Worker 367701448
238 238 4 Worker 243729438
239 239 4 Worker 776949477
240 240 4 Worker 887372926
241 241 4 Worker 218151422
242 242 4 Worker 75274886
243 243 4 Worker 862613147
244 244 4 Worker 171256796
245 245 4 Worker 689595033
246 246 4 Worker 61546770
247 247 4 Worker 748283297
248 248 4 Worker 746730276
249 249 4 Worker 819122341
250 250 4 Worker 736659326
251 251 4 Worker 561276286
252 252 4 Worker 458430205
253 253 4 Worker 707196960
254 254 4 Worker 788522387
255 255 4 Worker 464048859
