0 0 -1 Splicer 544919845
1 1 0 Worker 328902896
2 2 -1 PersistentDB 393679547
3 3 -1 InMemoryDB 645073197
4 4 -1 WorkManager 899141696
5 5 4 Worker 937313720
6 6 4 Worker 729620375
7 7 4 Worker 549756367
8 8 4 Worker 326716725
9 9 4 Worker 32270929
10 10 4 Worker 903120800
11 11 4 Worker 835451753
12 12 4 Worker 628835469
13 13 4 Worker 176935697
14 14 4 Worker 528371079
15 15 4 Worker 696931105
16 16 4 Worker 824415979
17 17 4 Worker 492005157
18 18 4 Worker 11916327
19 19 4 Worker 237580325
20 20 4 Worker 513616434
21 21 4 Worker 731618539
22 22 4 Worker 513185040
23 23 4 Worker 802142948
24 24 4 Worker 757565040
25 25 4 Worker 961949084
26 26 4 Worker 892326672
27 27 4 Worker 978265243
28 28 4 Worker 895202505
29 29 4 Worker 843282639
30 30 4 Worker 328726080
31 31 4 Worker 720192577
32 32 4 Worker 878262298
33 33 4 Worker 841476536
34 34 4 Worker 735088128
35 35 4 Worker 516709227
36 36 4 Worker 114209505
37 37 4 Worker 746911475
38 38 4 Worker 985418089
39 39 4 Worker 615672036
40 40 4 Worker 173422086
41 41 4 Worker 175098793
42 42 4 Worker 319173370
43 43 4 Worker 688049658
44 44 4 Worker 360126069
45 45 4 Worker 893383115
46 46 4 Worker 207894634
47 47 4 Worker 147350987
48 48 4 Worker 376482493
49 49 4 Worker 983057127
50 50 4 Worker 327080558
51 51 4 Worker 10178571
52 52 4 Worker 250936573
53 53 4 Worker 760816542
54 54 4 Worker 45448423
55 55 4 Worker 160128825
56 56 4 Worker 541865716
57 57 4 Worker 993986775
58 58 4 Worker 317455992
59 59 4 Worker 746387424
60 60 4 Worker 477703837
61 61 4 Worker 668919231
62 62 4 Worker 331848755
63 63 4 Worker 477440248
64 64 4 Worker 27462022
65 65 4 Worker 635906455
66 66 4 Worker 724938895
67 67 4 Worker 233062891
68 68 4 Worker 432543782
69 69 4 Worker 768309249
70 70 4 Worker 208515912
71 71 4 Worker 154550133
72 72 4 Worker 550857380
73 73 4 Worker 425289636
74 74 4 Worker 216458281
75 75 4 Worker 316218100
76 76 4 Worker 579987725
77 77 4 Worker 25637746
78 78 4 Worker 773865233
79 79 4 Worker 522636443
80 80 4 Worker 190143577
81 81 4 Worker 516006929
82 82 4 Worker 902333377
83 83 4 Worker 589864317
84 84 4 Worker 804813412
85 85 4 Worker 768241922
86 86 4 Worker 255766138
87 87 4 Worker 670340696
88 88 4 Worker 570230365
89 89 4 Worker 815802253
90 90 4 Worker 615135500
91 91 4 Worker 188463319
92 92 4 Worker 519614855
93 93 4 Worker 986206596
94 94 4 Worker 924592317
95 95 4 Worker 627252222
96 96 4 Worker 495415574
97 97 4 Worker 953194071
98 98 4 Worker 525857113
99 99 4 Worker 216174732
100 100 4 Worker 945080810
101 101 4 Worker 273272979
102 102 4 Worker 438996526
103 103 4 Worker 25112532
104 104 4 Worker 686961848
105 105 4 Worker 735026770
106 106 4 Worker 154067100
107 107 4 Worker 114652832
108 108 4 Worker 575816943
109 109 4 Worker 428569396
110 110 4 Worker 502365520
111 111 4 Worker 500946153
112 112 4 Worker 417719524
113 113 4 Worker 518052643
114 114 4 Worker 938785987
115 115 4 Worker 846453152
116 116 4 Worker 15297270
117 117 4 Worker 805482790
118 118 4 Worker 437830522
119 119 4 Worker 40296676
120 120 4 Worker 241813174
121 121 4 Worker 438154394
122 122 4 Worker 315925173
123 123 4 Worker 48052552
124 124 4 Worker 338602432
125 125 4 Worker 636849865
126 126 4 Worker 961808599
127 127 4 Worker 198106343
128 128 4 Worker 876710780
129 129 4 Worker 286483633
130 130 4 Worker 129670533
131 131 4 Worker 109950802
132 132 4 Worker 316472895
133 133 4 Worker 239496231
134 134 4 Worker 101720041
135 135 4 Worker 511755631
136 136 4 Worker 947235397
137 137 4 Worker 296212286
138 138 4 Worker 553418524
139 139 4 Worker 846054966
140 140 4 Worker 643433994
141 141 4 Worker 163142671
142 142 4 Worker 153468781
143 143 4 Worker 556951296
144 144 4 Worker 757657618
145 145 4 Worker 955385437
146 146 4 Worker 510623965
147 147 4 Worker 148644104
148 148 4 Worker 972061902
149 149 4 Worker 940172250
150 150 4 Worker 820234837
151 151 4 Worker 542783633
152 152 4 Worker 163803326
153 153 4 Worker 140386869
154 154 4 Worker 872429912
155 155 4 Worker 136042169
156 156 4 Worker 685900961
157 157 4 Worker 378861852
158 158 4 Worker 31663700
159 159 4 Worker 842312649
160 160 4 Worker 536679013
161 161 4 Worker 198518268
162 162 4 Worker 546199555
163 163 4 Worker 758691074
164 164 4 Worker 656104044
165 165 4 Worker 744019552
166 166 4 Worker 777893810
167 167 4 Worker 424745843
168 168 4 Worker 957502688
169 169 4 Worker 650229785
170 170 4 Worker 414025388
171 171 4 Worker 174406909
172 172 4 Worker 518301891
173 173 4 Worker 885736457
174 174 4 Worker 177850624
175 175 4 Worker 579383352
176 176 4 Worker 596904454
177 177 4 Worker 299586118
178 178 4 Worker 101565476
179 179 4 Worker 312611042
180 180 4 Worker 701883811
181 181 4 Worker 942378280
182 182 4 Worker 894684636
183 183 4 Worker 125047165
184 184 4 Worker 435356981
185 185 4 Worker 202443944
186 186 4 Worker 32526757
187 187 4 Worker 595795987
188 188 4 Worker 280799042
189 189 4 Worker 687032271
190 190 4 Worker 989140069
191 191 4 Worker 554548922
192 192 4 Worker 341740283
193 193 4 Worker 944254378
194 194 4 Worker 460115909
195 195 4 Worker 565270411
196 196 4 Worker 330370828
197 197 4 Worker 360967831
198 198 4 Worker 518046164
199 199 4 Worker 32063874
200 200 4 Worker 578475540
201 201 4 Worker 167664941
202 202 4 Worker 373117565
203 203 4 Worker 544073191
204 204 4 Worker 99944860
205 205 4 Worker 975967719
206 206 4 Worker 127277501
207 207 4 Worker 384376439
208 208 4 Worker 641055438
209 209 4 Worker 429490436
210 210 4 Worker 427971840
211 211 4 Worker 987562877
212 212 4 Worker 686591921
213 213 4 Worker 913341735
214 214 4 Worker 195125136
215 215 4 Worker 771226150
216 216 4 Worker 386313099
217 217 4 Worker 88611801
218 218 4 Worker 13513934
219 219 4 Worker 467386149
220 220 4 Worker 701639614
221 221 4 Worker 429159165
222 222 4 Worker 634037425
223 223 4 Worker 270738132
224 224 4 Worker 301140258
225 225 4 Worker 853407802
226 226 4 Worker 203596112
227 227 4 Worker 417363581
228 228 4 Worker 763860612
229 229 4 Worker 367213390
230 230 4 Worker 258163019
231 231 4 Worker 862402223
232 232 4 Worker 533830113
233 233 4 Worker 82798315
234 234 4 Worker 918628868
235 235 4 Worker 122760394
236 236 4 Worker 248297356
237 237 4 Worker 152374530
238 238 4 Worker 936523680
239 239 4 Worker 211086559
240 240 4 Worker 252010664
241 241 4 Worker 57759634
242 242 4 Worker 277380247
243 243 4 Worker 318113631
244 244 4 Worker 865806355
245 245 4 Worker 147673509
246 246 4 Worker 464130238
247 247 4 Worker 768624904
248 248 4 Worker 575980061
249 249 4 Worker 132702077
250 250 4 Worker 565726005
251 251 4 Worker 106251601
252 252 4 Worker 652518006
253 253 4 Worker 396407053
254 254 4 Worker 902613049
255 255 4 Worker 621475041
