0 0 -1 Splicer 660446176
1 1 0 Worker 644718825
2 2 -1 PersistentDB 710083874
3 3 -1 InMemoryDB 752658057
4 4 -1 WorkManager 243789588
5 5 4 Worker 99833502
6 6 4 Worker 303339763
7 7 4 Worker 670694652
8 8 4 Worker 472884177
9 9 4 Worker 59054878
10 10 4 Worker 291623809
11 11 4 Worker 464449732
12 12 4 Worker 828690353
13 13 4 Worker 327761843
14 14 4 Worker 90659280
15 15 4 Worker 313964146
16 16 4 Worker 539142194
17 17 4 Worker 555958898
18 18 4 Worker 162179189
19 19 4 Worker 695647664
20 20 4 Worker 91855751
21 21 4 Worker 139383174
22 22 4 Worker 314242177
23 23 4 Worker 353781907
24 24 4 Worker 396024814
25 25 4 Worker 438528911
26 26 4 Worker 454853793
27 27 4 Worker 37074972
28 28 4 Worker 761468979
29 29 4 Worker 329270951
30 30 4 Worker 388804110
31 31 4 Worker 304607724
32 32 4 Worker 410033448
33 33 4 Worker 509691014
34 34 4 Worker 999017707
35 35 4 Worker 451191631
36 36 4 Worker 709708121
37 37 4 Worker 59813935
38 38 4 Worker 728942660
39 39 4 Worker 491343874
40 40 4 Worker 690126944
41 41 4 Worker 611326974
42 42 4 Worker 952615744
43 43 4 Worker 385513090
44 44 4 Worker 342372666
45 45 4 Worker 384886408
46 46 4 Worker 372670291
47 47 4 Worker 276200978
48 48 4 Worker 688254055
49 49 4 Worker 593045511
50 50 4 Worker 228292342
51 51 4 Worker 211256923
52 52 4 Worker 823631786
53 53 4 Worker 22843661
54 54 4 Worker 639205205
55 55 4 Worker 648301298
56 56 4 Worker 273895775
57 57 4 Worker 967057757
58 58 4 Worker 275258263
59 59 4 Worker 688835748
60 60 4 Worker 266473205
61 61 4 Worker 174882873
62 62 4 Worker 184888822
63 63 4 Worker 21491394
64 64 4 Worker 101197563
65 65 4 Worker 268688062
66 66 4 Worker 702563811
67 67 4 Worker 266308495
68 68 4 Worker 334916685
69 69 4 Worker 550689470
70 70 4 Worker 687261058
71 71 4 Worker 415497860
72 72 4 Worker 8387945
73 73 4 Worker 472295578
74 74 4 Worker 969225300
75 75 4 Worker 825302716
76 76 4 Worker 812743692
77 77 4 Worker 526145090
78 78 4 Worker 783338475
79 79 4 Worker 464345942
80 80 4 Worker 546546205
81 81 4 Worker 514190990
82 82 4 Worker 482684297
83 83 4 Worker 288761764
84 84 4 Worker 258380173
85 85 4 Worker 423499123
86 86 4 Worker 668694171
87 87 4 Worker 905731456
88 88 4 Worker 892041535
89 89 4 Worker 18230273
90 90 4 Worker 850214908
91 91 4 Worker 841969185
92 92 4 Worker 162883463
93 93 4 Worker 566946169
94 94 4 Worker 25008245
95 95 4 Worker 752611865
96 96 4 Worker 480829060
97 97 4 Worker 343855541
98 98 4 Worker 407915667
99 99 4 Worker 426176037
100 100 4 Worker 853359695
101 101 4 Worker 948165697
102 102 4 Worker 951558294
103 103 4 Worker 315852134
104 104 4 Worker 512997284
105 105 4 Worker 707579778
106 106 4 Worker 305487387
107 107 4 Worker 717782810
108 108 4 Worker 622938582
109 109 4 Worker 18885690
110 110 4 Worker 711370932
111 111 4 Worker 862401803
112 112 4 Worker 60949050
113 113 4 Worker 947919615
114 114 4 Worker 301236007
115 115 4 Worker 289035439
116 116 4 Worker 943421746
117 117 4 Worker 691208460
118 118 4 Worker 646029310
119 119 4 Worker 279441011
120 120 4 Worker 626510223
121 121 4 Worker 363197889
122 122 4 Worker 751355824
123 123 4 Worker 277446607
124 124 4 Worker 700862389
125 125 4 Worker 357990571
126 126 4 Worker 814330270
127 127 4 Worker 719404738
128 128 4 Worker 345545441
129 129 4 Worker 890588084
130 130 4 Worker 123003595
131 131 4 Worker 698299992
132 132 4 Worker 648968889
133 133 4 Worker 141877059
134 134 4 Worker 244171624
135 135 4 Worker 951860303
136 136 4 Worker 480620716
137 137 4 Worker 435370653
138 138 4 Worker 632673142
139 139 4 Worker 69171475
140 140 4 Worker 503922284
141 141 4 Worker 108188782
142 142 4 Worker 274889126
143 143 4 Worker 670929194
144 144 4 Worker 671106218
145 145 4 Worker 931159931
146 146 4 Worker 560863058
147 147 4 Worker 250267861
148 148 4 Worker 700477774
149 149 4 Worker 937923793
150 150 4 Worker 972807963
151 151 4 Worker 471206688
152 152 4 Worker 86377488
153 153 4 Worker 568903145
154 154 4 Worker 293563350
155 155 4 Worker 678405438
156 156 4 Worker 704652231
157 157 4 Worker 962865409
158 158 4 Worker 52004790
159 159 4 Worker 474339916
160 160 4 Worker 664997061
161 161 4 Worker 579082023
162 162 4 Worker 932410871
163 163 4 Worker 158252883
164 164 4 Worker 967896587
165 165 4 Worker 727935405
166 166 4 Worker 282988932
167 167 4 Worker 936108075
168 168 4 Worker 92130142
169 169 4 Worker 900950365
170 170 4 Worker 302949552
171 171 4 Worker 933722993
172 172 4 Worker 854367131
173 173 4 Worker 806454532
174 174 4 Worker 733363195
175 175 4 Worker 75028955
176 176 4 Worker 389899473
177 177 4 Worker 557391624
178 178 4 Worker 510714535
179 179 4 Worker 903385575
180 180 4 Worker 799853568
181 181 4 Worker 429632075
182 182 4 Worker 82889894
183 183 4 Worker 594038070
184 184 4 Worker 342221254
185 185 4 Worker 886938178
186 186 4 Worker 406302463
187 187 4 Worker 595385384
188 188 4 Worker 45321430
189 189 4 Worker 469449204
190 190 4 Worker 475343201
191 191 4 Worker 982966238
192 192 4 Worker 406045075
193 193 4 Worker 436187562
194 194 4 Worker 844714419
195 195 4 Worker 732108512
196 196 4 Worker 85417885
197 197 4 Worker 537435869
198 198 4 Worker 151817599
199 199 4 Worker 202145747
200 200 4 Worker 611426673
201 201 4 Worker 994249386
202 202 4 Worker 21618355
203 203 4 Worker 539975726
204 204 4 Worker 469731078
205 205 4 Worker 405719022
206 206 4 Worker 876398610
207 207 4 Worker 894759569
208 208 4 Worker 448073481
209 209 4 Worker 589582500
210 210 4 Worker 563600680
211 211 4 Worker 653688849
212 212 4 Worker 707803697
213 213 4 Worker 425954556
214 214 4 Worker 155847785
215 215 4 Worker 866788762
216 216 4 Worker 635441790
217 217 4 Worker 987719826
218 218 4 Worker 739887246
219 219 4 Worker 12236502
220 220 4 Worker 963392681
221 221 4 Worker 922558146
222 222 4 Worker 811471987
223 223 4 Worker 404896229
224 224 4 Worker 460466353
225 225 4 Worker 973400667
226 226 4 Worker 198123123
227 227 4 Worker 447766842
228 228 4 Worker 643420136
229 229 4 Worker 430499920
230 230 4 Worker 6494101
231 231 4 Worker 13390001
232 232 4 Worker 302706352
233 233 4 Worker 547498384
234 234 4 Worker 838530551
235 235 4 Worker 994417199
236 236 4 Worker 926497452
237 237 4 Worker 133195652
238 238 4 Worker 810028099
239 239 4 Worker 107502520
240 240 4 Worker 555659568
241 241 4 Worker 662743397
242 242 4 Worker 8072023
243 243 4 Worker 962230319
244 244 4 Worker 534570901
245 245 4 Worker 567878868
246 246 4 Worker 329441507
247 247 4 Worker 826417724
248 248 4 Worker 954076323
249 249 4 Worker 640241133
250 250 4 Worker 528927650
251 251 4 Worker 617518663
252 252 4 Worker 369858577
253 253 4 Worker 697419230
254 254 4 Worker 891021664
255 255 4 Worker 220200173
