0 0 -1 Splicer 18897660
1 1 0 Worker 803780721
2 2 -1 PersistentDB 486631978
3 3 -1 InMemoryDB 659385449
4 4 -1 WorkManager 912052018
5 5 4 Worker 67446799
6 6 4 Worker 168120513
7 7 4 Worker 760999633
8 8 4 Worker 450351523
9 9 4 Worker 11471230
10 10 4 Worker 870244518
11 11 4 Worker 817309618
12 12 4 Worker 195562483
13 13 4 Worker 145810259
14 14 4 Worker 59869313
15 15 4 Worker 983725988
16 16 4 Worker 916570559
17 17 4 Worker 495778506
18 18 4 Worker 83871431
19 19 4 Worker 556459777
20 20 4 Worker 138939874
21 21 4 Worker 408895352
22 22 4 Worker 437959217
23 23 4 Worker 807341308
24 24 4 Worker 929470875
25 25 4 Worker 700744620
26 26 4 Worker 672603383
27 27 4 Worker 265561467
28 28 4 Worker 978711143
29 29 4 Worker 962325088
30 30 4 Worker 271529806
31 31 4 Worker 263577167
32 32 4 Worker 687850069
33 33 4 Worker 913935529
34 34 4 Worker 57530125
35 35 4 Worker 994953775
36 36 4 Worker 936065501
37 37 4 Worker 270512078
38 38 4 Worker 499615034
39 39 4 Worker 324549173
40 40 4 Worker 5457262
41 41 4 Worker 413360480
42 42 4 Worker 948680129
43 43 4 Worker 103057396
44 44 4 Worker 878568271
45 45 4 Worker 815125363
46 46 4 Worker 73440604
47 47 4 Worker 490971823
48 48 4 Worker 764877945
49 49 4 Worker 10981500
50 50 4 Worker 897926791
51 51 4 Worker 301152813
52 52 4 Worker 717445394
53 53 4 Worker 476240171
54 54 4 Worker 9109412
55 55 4 Worker 300987390
56 56 4 Worker 472821209
57 57 4 Worker 127023185
58 58 4 Worker 291364019
59 59 4 Worker 953587975
60 60 4 Worker 926463271
61 61 4 Worker 23723373
62 62 4 Worker 213768031
63 63 4 Worker 258015000
64 64 4 Worker 161392453
65 65 4 Worker 119254603
66 66 4 Worker 662880856
67 67 4 Worker 272329242
68 68 4 Worker 125459855
69 69 4 Worker 372164179
70 70 4 Worker 333832370
71 71 4 Worker 987614458
72 72 4 Worker 256621803
73 73 4 Worker 693387804
74 74 4 Worker 563476594
75 75 4 Worker 615241108
76 76 4 Worker 989246793
77 77 4 Worker 148377724
78 78 4 Worker 660232762
79 79 4 Worker 64167769
80 80 4 Worker 81697204
81 81 4 Worker 674933541
82 82 4 Worker 814190335
83 83 4 Worker 117802757
84 84 4 Worker 922274211
85 85 4 Worker 639843534
86 86 4 Worker 413123874
87 87 4 Worker 631667828
88 88 4 Worker 525762750
89 89 4 Worker 967212566
90 90 4 Worker 374338310
91 91 4 Worker 32816921
92 92 4 Worker 752877324
93 93 4 Worker 883850440
94 94 4 Worker 48259826
95 95 4 Worker 628344072
96 96 4 Worker 887059884
97 97 4 Worker 749268801
98 98 4 Worker 117323741
99 99 4 Worker 520845798
100 100 4 Worker 951546064
101 101 4 Worker 11228644
102 102 4 Worker 129833029
103 103 4 Worker 812464842
104 104 4 Worker 946574963
105 105 4 Worker 908611407
106 106 4 Worker 661139305
107 107 4 Worker 442082726
108 108 4 Worker 869833852
109 109 4 Worker 392296223
110 110 4 Worker 569936999
111 111 4 Worker 55884303
112 112 4 Worker 977728413
113 113 4 Worker 389320971
114 114 4 Worker 165080338
115 115 4 Worker 47392350
116 116 4 Worker 570994916
117 117 4 Worker 154207779
118 118 4 Worker 948044638
119 119 4 Worker 834164195
120 120 4 Worker 873824822
121 121 4 Worker 396991481
122 122 4 Worker 85156691
123 123 4 Worker 111748977
124 124 4 Worker 401543004
125 125 4 Worker 902191550
126 126 4 Worker 564208138
127 127 4 Worker 170599256
128 128 4 Worker 403460675
129 129 4 Worker 816389524
130 130 4 Worker 4792611
131 131 4 Worker 794616791
132 132 4 Worker 812489381
133 133 4 Worker 960239953
134 134 4 Worker 40888459
135 135 4 Worker 107417821
136 136 4 Worker 26813769
137 137 4 Worker 463039104
138 138 4 Worker 267886018
139 139 4 Worker 5095846
140 140 4 Worker 175630590
141 141 4 Worker 872559052
142 142 4 Worker 534683260
143 143 4 Worker 232729203
144 144 4 Worker 314495300
145 145 4 Worker 905653411
146 146 4 Worker 171790247
147 147 4 Worker 276506412
148 148 4 Worker 498305177
149 149 4 Worker 962792525
150 150 4 Worker 737516109
151 151 4 Worker 336819341
152 152 4 Worker 66497278
153 153 4 Worker 307988628
154 154 4 Worker 130552269
155 155 4 Worker 633558402
156 156 4 Worker 870145947
157 157 4 Worker 477568389
158 158 4 Worker 866813178
159 159 4 Worker 405655018
160 160 4 Worker 372599833
161 161 4 Worker 912897719
162 162 4 Worker 694646570
163 163 4 Worker 137501946
164 164 4 Worker 24829280
165 165 4 Worker 992748745
166 166 4 Worker 827378461
167 167 4 Worker 54928220
168 168 4 Worker 334656113
169 169 4 Worker 126301029
170 170 4 Worker 435669655
171 171 4 Worker 273767816
172 172 4 Worker 474070033
173 173 4 Worker 454595805
174 174 4 Worker 916409102
175 175 4 Worker 514632219
176 176 4 Worker 159771390
177 177 4 Worker 41339443
178 178 4 Worker 150607465
179 179 4 Worker 128572227
180 180 4 Worker 804631015
181 181 4 Worker 762642122
182 182 4 Worker 839705745
183 183 4 Worker 296369202
184 184 4 Worker 813491329
185 185 4 Worker 306004218
186 186 4 Worker 302530391
187 187 4 Worker 813231052
188 188 4 Worker 29813904
189 189 4 Worker 866481020
190 190 4 Worker 446831785
191 191 4 Worker 323724807
192 192 4 Worker 490681351
193 193 4 Worker 964218834
194 194 4 Worker 52028073
195 195 4 Worker 455942605
196 196 4 Worker 5702090
197 197 4 Worker 863306066
198 198 4 Worker 794225763
199 199 4 Worker 721626100
200 200 4 Worker 56815307
201 201 4 Worker 121070927
202 202 4 Worker 995053087
203 203 4 Worker 586979763
204 204 4 Worker 508967739
205 205 4 Worker 797362393
206 206 4 Worker 722966767
207 207 4 Worker 47626311
208 208 4 Worker 292021521
209 209 4 Worker 840710253
210 210 4 Worker 492859421
211 211 4 Worker 617233192
212 212 4 Worker 960626949
213 213 4 Worker 639572220
214 214 4 Worker 277233713
215 215 4 Worker 564791887
216 216 4 Worker 626132141
217 217 4 Worker 844374751
218 218 4 Worker 578289586
219 219 4 Worker 464194981
220 220 4 Worker 660348304
221 221 4 Worker 490454559
222 222 4 Worker 780895902
223 223 4 Worker 238565313
224 224 4 Worker 268127266
225 225 4 Worker 312185036
226 226 4 Worker 577306432
227 227 4 Worker 675365541
228 228 4 Worker 403063500
229 229 4 Worker 609926321
230 230 4 Worker 53260320
231 231 4 Worker 474369950
232 232 4 Worker 473388786
233 233 4 Worker 626957977
234 234 4 Worker 271462481
235 235 4 Worker 242090821
236 236 4 Worker 926390122
237 237 4 Worker 874091908
238 238 4 Worker 839303312
239 239 4 Worker 606754700
240 240 4 Worker 924211756
241 241 4 Worker 925009202
242 242 4 Worker 87133254
243 243 4 Worker 742741383
244 244 4 Worker 903409881
245 245 4 Worker 230640237
246 246 4 Worker 764701770
247 247 4 Worker 909193223
248 248 4 Worker 635293290
249 249 4 Worker 214040836
250 250 4 Worker 910882597
251 251 4 Worker 446526916
252 252 4 Worker 266601917
253 253 4 Worker 645243496
254 254 4 Worker 457583406
255 255 4 Worker 961055078
