0 0 -1 Splicer 498080695
1 1 0 Worker 115531363
2 2 -1 PersistentDB 341912718
3 3 -1 InMemoryDB 381519616
4 4 -1 WorkManager 912047020
5 5 4 Worker 341800898
6 6 4 Worker 968424995
7 7 4 Worker 592089038
8 8 4 Worker 710295659
9 9 4 Worker 921321547
10 10 4 Worker 711777196
11 11 4 Worker 526171470
12 12 4 Worker 653372824
13 13 4 Worker 224539581
14 14 4 Worker 238689966
15 15 4 Worker 325742350
16 16 4 Worker 331557455
17 17 4 Worker 758259603
18 18 4 Worker 118592171
19 19 4 Worker 553082883
20 20 4 Worker 92724060
21 21 4 Worker 950571034
22 22 4 Worker 368034585
23 23 4 Worker 558321952
24 24 4 Worker 106630939
25 25 4 Worker 478231157
26 26 4 Worker 324792312
27 27 4 Worker 298015457
28 28 4 Worker 787634234
29 29 4 Worker 435997693
30 30 4 Worker 811472406
31 31 4 Worker 481679651
32 32 4 Worker 149982977
33 33 4 Worker 434901019
34 34 4 Worker 392894837
35 35 4 Worker 848143926
36 36 4 Worker 104726155
37 37 4 Worker 484335697
38 38 4 Worker 911432482
39 39 4 Worker 891745925
40 40 4 Worker 812826730
41 41 4 Worker 223765686
42 42 4 Worker 128626546
43 43 4 Worker 724237296
44 44 4 Worker 44590407
45 45 4 Worker 450203652
46 46 4 Worker 945082766
47 47 4 Worker 332811662
48 48 4 Worker 434311119
49 49 4 Worker 238125575
50 50 4 Worker 627809762
51 51 4 Worker 714403963
52 52 4 Worker 903982542
53 53 4 Worker 741720222
54 54 4 Worker 717071752
55 55 4 Worker 740842071
56 56 4 Worker 102002743
57 57 4 Worker 213974839
58 58 4 Worker 742722150
59 59 4 Worker 434361
60 60 4 Worker 529170172
61 61 4 Worker 714444147
62 62 4 Worker 514200990
63 63 4 Worker 220016756
64 64 4 Worker 849136062
65 65 4 Worker 215647446
66 66 4 Worker 330479228
67 67 4 Worker 128989950
68 68 4 Worker 814327327
69 69 4 Worker 399730884
70 70 4 Worker 303205315
71 71 4 Worker 19640524
72 72 4 Worker 212035945
73 73 4 Worker 686864012
74 74 4 Worker 233517543
75 75 4 Worker 509163211
76 76 4 Worker 74337931
77 77 4 Worker 685333393
78 78 4 Worker 898258661
79 79 4 Worker 65544434
80 80 4 Worker 628891222
81 81 4 Worker 888694439
82 82 4 Worker 125119487
83 83 4 Worker 876227737
84 84 4 Worker 368376549
85 85 4 Worker 973808723
86 86 4 Worker 617471961
87 87 4 Worker 816265674
88 88 4 Worker 349966194
89 89 4 Worker 210297522
90 90 4 Worker 575864307
91 91 4 Worker 22489906
92 92 4 Worker 106217939
93 93 4 Worker 708907791
94 94 4 Worker 860938675
95 95 4 Worker 340422637
96 96 4 Worker 22867367
97 97 4 Worker 600520360
98 98 4 Worker 601030349
99 99 4 Worker 512708155
100 100 4 Worker 28220748
101 101 4 Worker 543928057
102 102 4 Worker 291369247
103 103 4 Worker 29620458
104 104 4 Worker 176767745
105 105 4 Worker 473798973
106 106 4 Worker 658850148
107 107 4 Worker 164898598
108 108 4 Worker 186367254
109 109 4 Worker 506259033
110 110 4 Worker 427309136
111 111 4 Worker 622408990
112 112 4 Worker 87005163
113 113 4 Worker 162542497
114 114 4 Worker 912263882
115 115 4 Worker 370277286
116 116 4 Worker 312046165
117 117 4 Worker 606265031
118 118 4 Worker 432812246
119 119 4 Worker 818645713
120 120 4 Worker 294812585
121 121 4 Worker 211765829
122 122 4 Worker 640290979
123 123 4 Worker 740790964
124 124 4 Worker 773147106
125 125 4 Worker 13511271
126 126 4 Worker 30479776
127 127 4 Worker 339690785
128 128 4 Worker 925490549
129 129 4 Worker 722550713
130 130 4 Worker 70365821
131 131 4 Worker 651365718
132 132 4 Worker 753424276
133 133 4 Worker 579547940
134 134 4 Worker 131085783
135 135 4 Worker 490627228
136 136 4 Worker 607418379
137 137 4 Worker 536055020
138 138 4 Worker 772976359
139 139 4 Worker 81009015
140 140 4 Worker 447393813
141 141 4 Worker 589169507
142 142 4 Worker 70043794
143 143 4 Worker 610828434
144 144 4 Worker 552018692
145 145 4 Worker 202885880
146 146 4 Worker 43381136
147 147 4 Worker 274740736
148 148 4 Worker 759996453
149 149 4 Worker 680012321
150 150 4 Worker 939514936
151 151 4 Worker 617922182
152 152 4 Worker 763218266
153 153 4 Worker 101706899
154 154 4 Worker 472792956
155 155 4 Worker 180660571
156 156 4 Worker 439400535
157 157 4 Worker 221911884
158 158 4 Worker 629697851
159 159 4 Worker 435566150
160 160 4 Worker 559683371
161 161 4 Worker 299802281
162 162 4 Worker 21745448
163 163 4 Worker 438439838
164 164 4 Worker 442912620
165 165 4 Worker 519650732
166 166 4 Worker 574107140
167 167 4 Worker 442067744
168 168 4 Worker 352297897
169 169 4 Worker 678759273
170 170 4 Worker 355000228
171 171 4 Worker 984341032
172 172 4 Worker 521890440
173 173 4 Worker 341555763
174 174 4 Worker 663920274
175 175 4 Worker 160301369
176 176 4 Worker 792975892
177 177 4 Worker 89772851
178 178 4 Worker 60740799
179 179 4 Worker 396366461
180 180 4 Worker 131000012
181 181 4 Worker 863890235
182 182 4 Worker 547964363
183 183 4 Worker 861248324
184 184 4 Worker 409257528
185 185 4 Worker 777338721
186 186 4 Worker 350933036
187 187 4 Worker 870242908
188 188 4 Worker 264543280
189 189 4 Worker 315777726
190 190 4 Worker 669180299
191 191 4 Worker 186370334
192 192 4 Worker 430915533
193 193 4 Worker 237667255
194 194 4 Worker 199883539
195 195 4 Worker 194239289
196 196 4 Worker 43153377
197 197 4 Worker 875346684
198 198 4 Worker 576669240
199 199 4 Worker 15375136
200 200 4 Worker 272554779
201 201 4 Worker 235706095
202 202 4 Worker 66217730
203 203 4 Worker 990967107
204 204 4 Worker 524492960
205 205 4 Worker 697401952
206 206 4 Worker 185238444
207 207 4 Worker 943577587
208 208 4 Worker 398447999
209 209 4 Worker 977493466
210 210 4 Worker 212628021
211 211 4 Worker 800962735
212 212 4 Worker 631457930
213 213 4 Worker 924499498
214 214 4 Worker 881610537
215 215 4 Worker 365896992
216 216 4 Worker 119494340
217 217 4 Worker 730092526
218 218 4 Worker 757101867
219 219 4 Worker 451553465
220 220 4 Worker 702910939
221 221 4 Worker 291343840
222 222 4 Worker 638125634
223 223 4 Worker 232927054
224 224 4 Worker 879470901
225 225 4 Worker 905080352
226 226 4 Worker 158059211
227 227 4 Worker 756044032
228 228 4 Worker 789132083
229 229 4 Worker 570129587
230 230 4 Worker 772734467
231 231 4 Worker 840033650
232 232 4 Worker 488895081
233 233 4 Worker 664777445
234 234 4 Worker 918271925
235 235 4 Worker 30909307
236 236 4 Worker 130167682
237 237 4 Worker 455888123
238 238 4 Worker 302595627
239 239 4 Worker 293596112
240 240 4 Worker 397546304
241 241 4 Worker 15417300
242 242 4 Worker 428562659
243 243 4 Worker 373697492
244 244 4 Worker 145978762
245 245 4 Worker 941341030
246 246 4 Worker 529278804
247 247 4 Worker 562850676
248 248 4 Worker 774773403
249 249 4 Worker 424802571
250 250 4 Worker 883222228
251 251 4 Worker 523411455
252 252 4 Worker 219121874
253 253 4 Worker 425257091
254 254 4 Worker 161181201
255 255 4 Worker 922680568
