0 0 -1 Splicer 902579241
1 1 0 Worker 502640751
2 2 -1 PersistentDB 197595207
3 3 -1 InMemoryDB 388695062
4 4 -1 WorkManager 288340817
5 5 4 Worker 416180139
6 6 4 Worker 793665141
7 7 4 Worker 333459224
8 8 4 Worker 767773261
9 9 4 Worker 739672497
10 10 4 Worker 59381331
11 11 4 Worker 640437580
12 12 4 Worker 590195334
13 13 4 Worker 949741987
14 14 4 Worker 75789741
15 15 4 Worker 971453000
16 16 4 Worker 364815871
17 17 4 Worker 425565196
18 18 4 Worker 318172777
19 19 4 Worker 34850861
20 20 4 Worker 781049873
21 21 4 Worker 20356112
22 22 4 Worker 397948666
23 23 4 Worker 810006973
24 24 4 Worker 62927908
25 25 4 Worker 522370983
26 26 4 Worker 230579559
27 27 4 Worker 552986096
28 28 4 Worker 509533126
29 29 4 Worker 817292877
30 30 4 Worker 288282970
31 31 4 Worker 921669506
32 32 4 Worker 583707980
33 33 4 Worker 301051943
34 34 4 Worker 767098786
35 35 4 Worker 291523353
36 36 4 Worker 809246288
37 37 4 Worker 912405235
38 38 4 Worker 704911001
39 39 4 Worker 894225192
40 40 4 Worker 356577049
41 41 4 Worker 599016936
42 42 4 Worker 169629148
43 43 4 Worker 805022658
44 44 4 Worker 733628613
45 45 4 Worker 149968900
46 46 4 Worker 808422999
47 47 4 Worker 977065874
48 48 4 Worker 663310168
49 49 4 Worker 936388084
50 50 4 Worker 821115535
51 51 4 Worker 78758620
52 52 4 Worker 718271772
53 53 4 Worker 685619491
54 54 4 Worker 415780435
55 55 4 Worker 894209045
56 56 4 Worker 341643194
57 57 4 Worker 415760059
58 58 4 Worker 205542132
59 59 4 Worker 728694899
60 60 4 Worker 970846271
61 61 4 Worker 29987357
62 62 4 Worker 125061224
63 63 4 Worker 843130454
64 64 4 Worker 549574354
65 65 4 Worker 569511937
66 66 4 Worker 828074335
67 67 4 Worker 843352199
68 68 4 Worker 994111606
69 69 4 Worker 349617318
70 70 4 Worker 73179511
71 71 4 Worker 30844388
72 72 4 Worker 431028439
73 73 4 Worker 288931492
74 74 4 Worker 522159571
75 75 4 Worker 882234813
76 76 4 Worker 862686843
77 77 4 Worker 232909620
78 78 4 Worker 570262401
79 79 4 Worker 522339527
80 80 4 Worker 397790166
81 81 4 Worker 516710328
82 82 4 Worker 946941744
83 83 4 Worker 584451560
84 84 4 Worker 95464092
85 85 4 Worker 274986164
86 86 4 Worker 476138906
87 87 4 Worker 604417090
88 88 4 Worker 275548589
89 89 4 Worker 510795824
90 90 4 Worker 406969945
91 91 4 Worker 858983906
92 92 4 Worker 981398155
93 93 4 Worker 509171238
94 94 4 Worker 522407824
95 95 4 Worker 47418029
96 96 4 Worker 988834221
97 97 4 Worker 68995697
98 98 4 Worker 812815560
99 99 4 Worker 985421694
100 100 4 Worker 538802243
101 101 4 Worker 166514799
102 102 4 Worker 849646826
103 103 4 Worker 967597041
104 104 4 Worker 860543756
105 105 4 Worker 24104613
106 106 4 Worker 916279791
107 107 4 Worker 419351588
108 108 4 Worker 923119596
109 109 4 Worker 180748783
110 110 4 Worker 20638361
111 111 4 Worker 586017941
112 112 4 Worker 709827147
113 113 4 Worker 883164099
114 114 4 Worker 475260711
115 115 4 Worker 205616648
116 116 4 Worker 513594591
117 117 4 Worker 240786643
118 118 4 Worker 842981798
119 119 4 Worker 532449130
120 120 4 Worker 137828091
121 121 4 Worker 182898991
122 122 4 Worker 399739796
123 123 4 Worker 625080187
124 124 4 Worker 61796738
125 125 4 Worker 354771523
126 126 4 Worker 210422122
127 127 4 Worker 546548364
128 128 4 Worker 969249001
129 129 4 Worker 249049389
130 130 4 Worker 584321700
131 131 4 Worker 231602020
132 132 4 Worker 492670602
133 133 4 Worker 370333539
134 134 4 Worker 277117240
135 135 4 Worker 807389400
136 136 4 Worker 154978215
137 137 4 Worker 944364909
138 138 4 Worker 275612505
139 139 4 Worker 669623611
140 140 4 Worker 872998903
141 141 4 Worker 889983422
142 142 4 Worker 459859894
143 143 4 Worker 244513395
144 144 4 Worker 248500209
145 145 4 Worker 328177960
146 146 4 Worker 516009236
147 147 4 Worker 331651110
148 148 4 Worker 118229097
149 149 4 Worker 439574483
150 150 4 Worker 182878598
151 151 4 Worker 87866071
152 152 4 Worker 671966197
153 153 4 Worker 624195870
154 154 4 Worker 199877847
155 155 4 Worker 730693909
156 156 4 Worker 389386349
157 157 4 Worker 695435904
158 158 4 Worker 761418973
159 159 4 Worker 974610145
160 160 4 Worker 580834397
161 161 4 Worker 87217976
162 162 4 Worker 421083205
163 163 4 Worker 54012958
164 164 4 Worker 456796926
165 165 4 Worker 176565998
166 166 4 Worker 39798206
167 167 4 Worker 874929008
168 168 4 Worker 216295337
169 169 4 Worker 998238712
170 170 4 Worker 58157082
171 171 4 Worker 863942938
172 172 4 Worker 542931344
173 173 4 Worker 392259579
174 174 4 Worker 452797787
175 175 4 Worker 632052744
176 176 4 Worker 7957225
177 177 4 Worker 895790565
178 178 4 Worker 152912017
179 179 4 Worker 834341445
180 180 4 Worker 205274795
181 181 4 Worker 503117325
182 182 4 Worker 867137952
183 183 4 Worker 107182449
184 184 4 Worker 828355166
185 185 4 Worker 912614868
186 186 4 Worker 333611603
187 187 4 Worker 699517427
188 188 4 Worker 453562462
189 189 4 Worker 790222302
190 190 4 Worker 283097474
191 191 4 Worker 540075843
192 192 4 Worker 149770607
193 193 4 Worker 703037644
194 194 4 Worker 660149643
195 195 4 Worker 250843800
196 196 4 Worker 5796139
197 197 4 Worker 628904289
198 198 4 Worker 589722873
199 199 4 Worker 290597994
200 200 4 Worker 532994163
201 201 4 Worker 36336341
202 202 4 Worker 988370741
203 203 4 Worker 671983035
204 204 4 Worker 640706666
205 205 4 Worker 180776960
206 206 4 Worker 392579890
207 207 4 Worker 869992828
208 208 4 Worker 950857891
209 209 4 Worker 745088933
210 210 4 Worker 765057666
211 211 4 Worker 731199819
212 212 4 Worker 213904478
213 213 4 Worker 393784368
214 214 4 Worker 597745234
215 215 4 Worker 741947374
216 216 4 Worker 315134627
217 217 4 Worker 498224724
218 218 4 Worker 321338256
219 219 4 Worker 615170630
220 220 4 Worker 477130163
221 221 4 Worker 729983120
222 222 4 Worker 456699849
223 223 4 Worker 478869949
224 224 4 Worker 241323635
225 225 4 Worker 890883758
226 226 4 Worker 635395674
227 227 4 Worker 421820706
228 228 4 Worker 955922417
229 229 4 Worker 217756606
230 230 4 Worker 709827682
231 231 4 Worker 509835662
232 232 4 Worker 15964368
233 233 4 Worker 617033987
234 234 4 Worker 124035256
235 235 4 Worker 377286542
236 236 4 Worker 869450725
237 237 4 Worker 979920884
238 238 4 Worker 36620949
239 239 4 Worker 895930063
240 240 4 Worker 572367044
241 241 4 Worker 980849184
242 242 4 Worker 324824172
243 243 4 Worker 919417017
244 244 4 Worker 910837043
245 245 4 Worker 26326892
246 246 4 Worker 80888406
247 247 4 Worker 240483294
248 248 4 Worker 590516549
249 249 4 Worker 342028325
250 250 4 Worker 588010840
251 251 4 Worker 126574660
252 252 4 Worker 986705548
253 253 4 Worker 180255397
254 254 4 Worker 776077192
255 255 4 Worker 632554109
