0 0 -1 Splicer 219033051
1 1 0 Worker 541608700
2 2 -1 PersistentDB 931739059
3 3 -1 InMemoryDB 593386035
4 4 -1 WorkManager 312662961
5 5 4 Worker 234373749
6 6 4 Worker 672976149
7 7 4 Worker 717128716
8 8 4 Worker 900909535
9 9 4 Worker 430170128
10 10 4 Worker 662055466
11 11 4 Worker 856302078
12 12 4 Worker 362162764
13 13 4 Worker 407265865
14 14 4 Worker 207151248
15 15 4 Worker 39586759
16 16 4 Worker 919344157
17 17 4 Worker 206605179
18 18 4 Worker 966161413
19 19 4 Worker 566690946
20 20 4 Worker 831438483
21 21 4 Worker 149087428
22 22 4 Worker 52220225
23 23 4 Worker 741684371
24 24 4 Worker 324572190
25 25 4 Worker 829503778
26 26 4 Worker 837254544
27 27 4 Worker 976282297
28 28 4 Worker 336345369
29 29 4 Worker 33582529
30 30 4 Worker 333047776
31 31 4 Worker 660998388
32 32 4 Worker 438019262
33 33 4 Worker 810620346
34 34 4 Worker 465808807
35 35 4 Worker 17878895
36 36 4 Worker 650402045
37 37 4 Worker 260066450
38 38 4 Worker 962898004
39 39 4 Worker 399731466
40 40 4 Worker 701090907
41 41 4 Worker 291698712
42 42 4 Worker 800010692
43 43 4 Worker 259606044
44 44 4 Worker 421685983
45 45 4 Worker 514815391
46 46 4 Worker 62471467
47 47 4 Worker 787085841
48 48 4 Worker 140229809
49 49 4 Worker 971388120
50 50 4 Worker 25395790
51 51 4 Worker 429450244
52 52 4 Worker 819514089
53 53 4 Worker 22477972
54 54 4 Worker 727100412
55 55 4 Worker 431395527
56 56 4 Worker 613428434
57 57 4 Worker 396193235
58 58 4 Worker 465161673
59 59 4 Worker 606741719
60 60 4 Worker 965927777
61 61 4 Worker 171745385
62 62 4 Worker 622953054
63 63 4 Worker 512902981
64 64 4 Worker 86049070
65 65 4 Worker 20033911
66 66 4 Worker 535319943
67 67 4 Worker 985448602
68 68 4 Worker 77552247
69 69 4 Worker 343237844
70 70 4 Worker 130737050
71 71 4 Worker 626095950
72 72 4 Worker 162555508
73 73 4 Worker 384906837
74 74 4 Worker 229791312
75 75 4 Worker 224193152
76 76 4 Worker 517332522
77 77 4 Worker 256366001
78 78 4 Worker 147653186
79 79 4 Worker 585939672
80 80 4 Worker 236593721
81 81 4 Worker 245892478
82 82 4 Worker 358511634
83 83 4 Worker 404381832
84 84 4 Worker 119330319
85 85 4 Worker 833507477
86 86 4 Worker 15691544
87 87 4 Worker 618253715
88 88 4 Worker 893715274
89 89 4 Worker 6024382
90 90 4 Worker 571933703
91 91 4 Worker 622345205
92 92 4 Worker 866764225
93 93 4 Worker 475580818
94 94 4 Worker 860722535
95 95 4 Worker 94932274
96 96 4 Worker 469821532
97 97 4 Worker 990580986
98 98 4 Worker 954557725
99 99 4 Worker 119913953
100 100 4 Worker 507035526
101 101 4 Worker 878248287
102 102 4 Worker 62418020
103 103 4 Worker 408300394
104 104 4 Worker 288721181
105 105 4 Worker 916875095
106 106 4 Worker 982392026
107 107 4 Worker 167068842
108 108 4 Worker 863229419
109 109 4 Worker 197421755
110 110 4 Worker 464745395
111 111 4 Worker 603595505
112 112 4 Worker 463609503
113 113 4 Worker 359356507
114 114 4 Worker 350784463
115 115 4 Worker 773484201
116 116 4 Worker 755178575
117 117 4 Worker 39393298
118 118 4 Worker 931251382
119 119 4 Worker 737101031
120 120 4 Worker 608324075
121 121 4 Worker 89295152
122 122 4 Worker 852919831
123 123 4 Worker 766468078
124 124 4 Worker 727372656
125 125 4 Worker 435954281
126 126 4 Worker 333787279
127 127 4 Worker 506976995
128 128 4 Worker 53994634
129 129 4 Worker 473729089
130 130 4 Worker 551586919
131 131 4 Worker 178976290
132 132 4 Worker 986389418
133 133 4 Worker 39452416
134 134 4 Worker 569619406
135 135 4 Worker 474406204
136 136 4 Worker 71879769
137 137 4 Worker 304776210
138 138 4 Worker 68588564
139 139 4 Worker 539440131
140 140 4 Worker 410330308
141 141 4 Worker 153675238
142 142 4 Worker 146993257
143 143 4 Worker 981269039
144 144 4 Worker 677481468
145 145 4 Worker 20741053
146 146 4 Worker 35051012
147 147 4 Worker 579157341
148 148 4 Worker 511987920
149 149 4 Worker 812693870
150 150 4 Worker 978503417
151 151 4 Worker 288054397
152 152 4 Worker 134253668
153 153 4 Worker 177951406
154 154 4 Worker 938350600
155 155 4 Worker 662787492
156 156 4 Worker 401630527
157 157 4 Worker 852556482
158 158 4 Worker 94464357
159 159 4 Worker 310472892
160 160 4 Worker 899972742
161 161 4 Worker 877204532
162 162 4 Worker 418573254
163 163 4 Worker 967228266
164 164 4 Worker 494934243
165 165 4 Worker 590541812
166 166 4 Worker 188015043
167 167 4 Worker 428460815
168 168 4 Worker 546714965
169 169 4 Worker 252899220
170 170 4 Worker 438912041
171 171 4 Worker 506545749
172 172 4 Worker 560583365
173 173 4 Worker 373264715
174 174 4 Worker 767774140
175 175 4 Worker 294087555
176 176 4 Worker 568196489
177 177 4 Worker 966396963
178 178 4 Worker 56892485
179 179 4 Worker 136427478
180 180 4 Worker 644349540
181 181 4 Worker 500720182
182 182 4 Worker 171961994
183 183 4 Worker 792785767
184 184 4 Worker 445885816
185 185 4 Worker 452182837
186 186 4 Worker 773094485
187 187 4 Worker 405537572
188 188 4 Worker 684769831
189 189 4 Worker 172494324
190 190 4 Worker 269299259
191 191 4 Worker 716759385
192 192 4 Worker 894586948
193 193 4 Worker 226375092
194 194 4 Worker 719300303
195 195 4 Worker 192803439
196 196 4 Worker 467766477
197 197 4 Worker 997613461
198 198 4 Worker 324927577
199 199 4 Worker 865413267
200 200 4 Worker 514068823
201 201 4 Worker 665012489
202 202 4 Worker 250474040
203 203 4 Worker 510165326
204 204 4 Worker 307070626
205 205 4 Worker 513744781
206 206 4 Worker 859018520
207 207 4 Worker 104683828
208 208 4 Worker 559360692
209 209 4 Worker 856729088
210 210 4 Worker 456693993
211 211 4 Worker 161190866
212 212 4 Worker 146543844
213 213 4 Worker 450155127
214 214 4 Worker 152554218
215 215 4 Worker 677809777
216 216 4 Worker 638949466
217 217 4 Worker 920595892
218 218 4 Worker 6775069
219 219 4 Worker 141126315
220 220 4 Worker 758038417
221 221 4 Worker 174742824
222 222 4 Worker 55668665
223 223 4 Worker 341249788
224 224 4 Worker 856029374
225 225 4 Worker 160135992
226 226 4 Worker 166511824
227 227 4 Worker 940519107
228 228 4 Worker 790687044
229 229 4 Worker 24196400
230 230 4 Worker 736171290
231 231 4 Worker 686986665
232 232 4 Worker 326037863
233 233 4 Worker 463115421
234 234 4 Worker 706331578
235 235 4 Worker 890885246
236 236 4 Worker 201493919
237 237 4 Worker 951472649
238 238 4 Worker 403311604
239 239 4 Worker 219830215
240 240 4 Worker 15539622
241 241 4 Worker 213534356
242 242 4 Worker 8295912
243 243 4 Worker 101723048
244 244 4 Worker 577912180
245 245 4 Worker 335631030
246 246 4 Worker 751511786
247 247 4 Worker 708960804
248 248 4 Worker 932892342
249 249 4 Worker 881629404
250 250 4 Worker 395737914
251 251 4 Worker 771567160
252 252 4 Worker 700805129
253 253 4 Worker 900353762
254 254 4 Worker 166860553
255 255 4 Worker 382157720
