0 0 -1 Splicer 361111936
1 1 0 Worker 857420169
2 2 -1 PersistentDB 568152753
3 3 -1 InMemoryDB 585666911
4 4 -1 WorkManager 36942936
5 5 4 Worker 110686997
6 6 4 Worker 875675452
7 7 4 Worker 101730227
8 8 4 Worker 949535666
9 9 4 Worker 71903742
10 10 4 Worker 947014451
11 11 4 Worker 533336992
12 12 4 Worker 871576107
13 13 4 Worker 968725200
14 14 4 Worker 487138595
15 15 4 Worker 699735664
16 16 4 Worker 811571325
17 17 4 Worker 350929377
18 18 4 Worker 221829992
19 19 4 Worker 129979693
20 20 4 Worker 597146145
21 21 4 Worker 156091110
22 22 4 Worker 680236147
23 23 4 Worker 94367855
24 24 4 Worker 950433579
25 25 4 Worker 915992385
26 26 4 Worker 74239091
27 27 4 Worker 339938490
28 28 4 Worker 187396304
29 29 4 Worker 644604949
30 30 4 Worker 982752209
31 31 4 Worker 919124603
32 32 4 Worker 376426521
33 33 4 Worker 169768679
34 34 4 Worker 356561667
35 35 4 Worker 912197849
36 36 4 Worker 41283878
37 37 4 Worker 787003581
38 38 4 Worker 941087750
39 39 4 Worker 830470639
40 40 4 Worker 545246182
41 41 4 Worker 738750024
42 42 4 Worker 594309852
43 43 4 Worker 832743061
44 44 4 Worker 232925103
45 45 4 Worker 162951287
46 46 4 Worker 982706084
47 47 4 Worker 54076060
48 48 4 Worker 818900426
49 49 4 Worker 990836036
50 50 4 Worker 380553566
51 51 4 Worker 748048636
52 52 4 Worker 599435740
53 53 4 Worker 316243373
54 54 4 Worker 51104432
55 55 4 Worker 189258111
56 56 4 Worker 383568068
57 57 4 Worker 808551248
58 58 4 Worker 49170789
59 59 4 Worker 254753563
60 60 4 Worker 646648909
61 61 4 Worker 781972782
62 62 4 Worker 521556542
63 63 4 Worker 465149790
64 64 4 Worker 193297697
65 65 4 Worker 827489158
66 66 4 Worker 151880220
67 67 4 Worker 230940518
68 68 4 Worker 717134621
69 69 4 Worker 817829085
70 70 4 Worker 357490013
71 71 4 Worker 142197695
72 72 4 Worker 475594392
73 73 4 Worker 53180495
74 74 4 Worker 791729720
75 75 4 Worker 821788184
76 76 4 Worker 867215871
77 77 4 Worker 537211154
78 78 4 Worker 69674286
79 79 4 Worker 595248917
80 80 4 Worker 894203784
81 81 4 Worker 497215075
82 82 4 Worker 798349280
83 83 4 Worker 870636954
84 84 4 Worker 304553918
85 85 4 Worker 929088103
86 86 4 Worker 535899872
87 87 4 Worker 312812975
88 88 4 Worker 803960498
89 89 4 Worker 98757887
90 90 4 Worker 960583471
91 91 4 Worker 587714997
92 92 4 Worker 804061219
93 93 4 Worker 625227627
94 94 4 Worker 266335354
95 95 4 Worker 432114079
96 96 4 Worker 998898742
97 97 4 Worker 58093889
98 98 4 Worker 198772254
99 99 4 Worker 455935630
100 100 4 Worker 663347058
101 101 4 Worker 655428071
102 102 4 Worker 136678865
103 103 4 Worker 948267577
104 104 4 Worker 326313034
105 105 4 Worker 719707306
106 106 4 Worker 748266996
107 107 4 Worker 500389188
108 108 4 Worker 324003359
109 109 4 Worker 931668035
110 110 4 Worker 408546346
111 111 4 Worker 179571285
112 112 4 Worker 436426263
113 113 4 Worker 301541492
114 114 4 Worker 96813016
115 115 4 Worker 567257531
116 116 4 Worker 828500876
117 117 4 Worker 678716046
118 118 4 Worker 350593094
119 119 4 Worker 843565095
120 120 4 Worker 880811229
121 121 4 Worker 338077226
122 122 4 Worker 104134517
123 123 4 Worker 862815442
124 124 4 Worker 641384496
125 125 4 Worker 449638636
126 126 4 Worker 826692059
127 127 4 Worker 937270873
128 128 4 Worker 702413511
129 129 4 Worker 608552536
130 130 4 Worker 32768602
131 131 4 Worker 456397605
132 132 4 Worker 717026978
133 133 4 Worker 309524458
134 134 4 Worker 714785131
135 135 4 Worker 239135617
136 136 4 Worker 659213033
137 137 4 Worker 620573021
138 138 4 Worker 632616570
139 139 4 Worker 58272820
140 140 4 Worker 838729569
141 141 4 Worker 246588639
142 142 4 Worker 722611454
143 143 4 Worker 479014767
144 144 4 Worker 821797050
145 145 4 Worker 824187832
146 146 4 Worker 781710902
147 147 4 Worker 911848131
148 148 4 Worker 261749017
149 149 4 Worker 603736859
150 150 4 Worker 379747822
151 151 4 Worker 380560698
152 152 4 Worker 997550427
153 153 4 Worker 790890223
154 154 4 Worker 982894932
155 155 4 Worker 153175648
156 156 4 Worker 50529406
157 157 4 Worker 794165579
158 158 4 Worker 672296811
159 159 4 Worker 195585092
160 160 4 Worker 91016044
161 161 4 Worker 929549012
162 162 4 Worker 170688809
163 163 4 Worker 342519122
164 164 4 Worker 335649626
165 165 4 Worker 56691729
166 166 4 Worker 676578120
167 167 4 Worker 611503851
168 168 4 Worker 398629447
169 169 4 Worker 389034969
170 170 4 Worker 520660787
171 171 4 Worker 545238817
172 172 4 Worker 371482427
173 173 4 Worker 946848088
174 174 4 Worker 778813607
175 175 4 Worker 147645121
176 176 4 Worker 263434064
177 177 4 Worker 318366114
178 178 4 Worker 115318900
179 179 4 Worker 521212784
180 180 4 Worker 812608113
181 181 4 Worker 285218124
182 182 4 Worker 472871357
183 183 4 Worker 707726689
184 184 4 Worker 535374648
185 185 4 Worker 35054685
186 186 4 Worker 369892227
187 187 4 Worker 762547103
188 188 4 Worker 737462911
189 189 4 Worker 944799723
190 190 4 Worker 387265122
191 191 4 Worker 506255925
192 192 4 Worker 460432085
193 193 4 Worker 178483745
194 194 4 Worker 890120204
195 195 4 Worker 738549318
196 196 4 Worker 489356244
197 197 4 Worker 509307250
198 198 4 Worker 239390471
199 199 4 Worker 878651253
200 200 4 Worker 521392353
201 201 4 Worker 281546425
202 202 4 Worker 863432852
203 203 4 Worker 988617109
204 204 4 Worker 175721622
205 205 4 Worker 689654996
206 206 4 Worker 373956868
207 207 4 Worker 148506432
208 208 4 Worker 657137425
209 209 4 Worker 929310675
210 210 4 Worker 16967218
211 211 4 Worker 350833267
212 212 4 Worker 312796712
213 213 4 Worker 95857996
214 214 4 Worker 255229107
215 215 4 Worker 130981070
216 216 4 Worker 330201300
217 217 4 Worker 529192968
218 218 4 Worker 532581538
219 219 4 Worker 926651506
220 220 4 Worker 912468509
221 221 4 Worker 914727535
222 222 4 Worker 972455878
223 223 4 Worker 625507071
224 224 4 Worker 608901424
225 225 4 Worker 686213846
226 226 4 Worker 130867083
227 227 4 Worker 527106517
228 228 4 Worker 801621186
229 229 4 Worker 938500888
230 230 4 Worker 650613073
231 231 4 Worker 908280224
232 232 4 Worker 71792689
233 233 4 Worker 111638974
234 234 4 Worker 870304796
235 235 4 Worker 121713367
236 236 4 Worker 432539278
237 237 4 Worker 350548551
238 238 4 Worker 463475792
239 239 4 Worker 337509664
240 240 4 Worker 898998418
241 241 4 Worker 293867808
242 242 4 Worker 514130268
243 243 4 Worker 935507458
244 244 4 Worker 138409736
245 245 4 Worker 762575158
246 246 4 Worker 278484203
247 247 4 Worker 143083033
248 248 4 Worker 149238322
249 249 4 Worker 142374820
250 250 4 Worker 393730665
251 251 4 Worker 600324794
252 252 4 Worker 858081689
253 253 4 Worker 743859856
254 254 4 Worker 694890311
255 255 4 Worker 81974817
