0 0 -1 Splicer 200731341
1 1 0 Worker 525441457
2 2 -1 PersistentDB 751110067
3 3 -1 InMemoryDB 836909833
4 4 -1 WorkManager 63266035
5 5 4 Worker 609932563
6 6 4 Worker 467637040
7 7 4 Worker 337069652
8 8 4 Worker 481576199
9 9 4 Worker 190755941
10 10 4 Worker 784424155
11 11 4 Worker 979502104
12 12 4 Worker 56067238
13 13 4 Worker 86983373
14 14 4 Worker 218635077
15 15 4 Worker 945305038
16 16 4 Worker 443040952
17 17 4 Worker 372570060
18 18 4 Worker 683240752
19 19 4 Worker 142977197
20 20 4 Worker 711711270
21 21 4 Worker 764638781
22 22 4 Worker 115194716
23 23 4 Worker 803972734
24 24 4 Worker 306694123
25 25 4 Worker 661958029
26 26 4 Worker 417454865
27 27 4 Worker 503279692
28 28 4 Worker 760042247
29 29 4 Worker 229122947
30 30 4 Worker 989152186
31 31 4 Worker 374927530
32 32 4 Worker 479958702
33 33 4 Worker 666557282
34 34 4 Worker 943357720
35 35 4 Worker 201553937
36 36 4 Worker 140831448
37 37 4 Worker 560850240
38 38 4 Worker 71777529
39 39 4 Worker 183372202
40 40 4 Worker 439618811
41 41 4 Worker 581890945
42 42 4 Worker 303865347
43 43 4 Worker 338581693
44 44 4 Worker 313192587
45 45 4 Worker 947944943
46 46 4 Worker 302884485
47 47 4 Worker 920992813
48 48 4 Worker 547653702
49 49 4 Worker 220753273
50 50 4 Worker 392854734
51 51 4 Worker 849771529
52 52 4 Worker 828547770
53 53 4 Worker 13606758
54 54 4 Worker 54673318
55 55 4 Worker 473612000
56 56 4 Worker 796536848
57 57 4 Worker 557373251
58 58 4 Worker 934121841
59 59 4 Worker 92876003
60 60 4 Worker 818069935
61 61 4 Worker 577151341
62 62 4 Worker 459557826
63 63 4 Worker 931527688
64 64 4 Worker 885526763
65 65 4 Worker 159073948
66 66 4 Worker 901829331
67 67 4 Worker 532526907
68 68 4 Worker 555754472
69 69 4 Worker 342648226
70 70 4 Worker 122375408
71 71 4 Worker 330467722
72 72 4 Worker 233340099
73 73 4 Worker 729497705
74 74 4 Worker 841686170
75 75 4 Worker 404215317
76 76 4 Worker 315550934
77 77 4 Worker 846692581
78 78 4 Worker 330380128
79 79 4 Worker 184335400
80 80 4 Worker 471837658
81 81 4 Worker 518720844
82 82 4 Worker 688711972
83 83 4 Worker 558182456
84 84 4 Worker 174060770
85 85 4 Worker 781745288
86 86 4 Worker 747509781
87 87 4 Worker 161799996
88 88 4 Worker 988302422
89 89 4 Worker 377359698
90 90 4 Worker 971710737
91 91 4 Worker 648836101
92 92 4 Worker 20694956
93 93 4 Worker 338307811
94 94 4 Worker 791168039
95 95 4 Worker 493621199
96 96 4 Worker 292041230
97 97 4 Worker 451667817
98 98 4 Worker 948401945
99 99 4 Worker 462588314
100 100 4 Worker 551730028
101 101 4 Worker 787270318
102 102 4 Worker 760177662
103 103 4 Worker 480406963
104 104 4 Worker 670016755
105 105 4 Worker 328364533
106 106 4 Worker 567921634
107 107 4 Worker 321984544
108 108 4 Worker 693833712
109 109 4 Worker 382277890
110 110 4 Worker 15657355
111 111 4 Worker 931266085
112 112 4 Worker 303844572
113 113 4 Worker 24279476
114 114 4 Worker 944880759
115 115 4 Worker 129043965
116 116 4 Worker 437665851
117 117 4 Worker 794855128
118 118 4 Worker 72055060
119 119 4 Worker 766355740
120 120 4 Worker 199806145
121 121 4 Worker 991584636
122 122 4 Worker 81731696
123 123 4 Worker 463271254
124 124 4 Worker 902416562
125 125 4 Worker 814203902
126 126 4 Worker 901271656
127 127 4 Worker 531463702
128 128 4 Worker 820207746
129 129 4 Worker 251300606
130 130 4 Worker 764351038
131 131 4 Worker 853483415
132 132 4 Worker 690451068
133 133 4 Worker 537126309
134 134 4 Worker 108675044
135 135 4 Worker 625965169
136 136 4 Worker 690390671
137 137 4 Worker 500125045
138 138 4 Worker 884105474
139 139 4 Worker 351280936
140 140 4 Worker 158258339
141 141 4 Worker 854366489
142 142 4 Worker 152481377
143 143 4 Worker 533430989
144 144 4 Worker 991431794
145 145 4 Worker 782067164
146 146 4 Worker 813328377
147 147 4 Worker 332872972
148 148 4 Worker 653278644
149 149 4 Worker 449807473
150 150 4 Worker 97000150
151 151 4 Worker 575489263
152 152 4 Worker 844994661
153 153 4 Worker 932998841
154 154 4 Worker 748190397
155 155 4 Worker 911115374
156 156 4 Worker 730725973
157 157 4 Worker 975568995
158 158 4 Worker 893140984
159 159 4 Worker 225208832
160 160 4 Worker 392102154
161 161 4 Worker 946494927
162 162 4 Worker 783417000
163 163 4 Worker 578896895
164 164 4 Worker 934676691
165 165 4 Worker 194660631
166 166 4 Worker 561682213
167 167 4 Worker 472868410
168 168 4 Worker 951815681
169 169 4 Worker 879170677
170 170 4 Worker 11290858
171 171 4 Worker 663519419
172 172 4 Worker 953782254
173 173 4 Worker 9010936
174 174 4 Worker 769121080
175 175 4 Worker 399123863
176 176 4 Worker 663409181
177 177 4 Worker 670001777
178 178 4 Worker 38283496
179 179 4 Worker 384941991
180 180 4 Worker 499052705
181 181 4 Worker 646055962
182 182 4 Worker 7690666
183 183 4 Worker 769395597
184 184 4 Worker 713500340
185 185 4 Worker 843345213
186 186 4 Worker 705327015
187 187 4 Worker 707899395
188 188 4 Worker 985317219
189 189 4 Worker 50186927
190 190 4 Worker 700882996
191 191 4 Worker 43634176
192 192 4 Worker 667316999
193 193 4 Worker 558647830
194 194 4 Worker 166823206
195 195 4 Worker 62910196
196 196 4 Worker 311580473
197 197 4 Worker 355606139
198 198 4 Worker 743512178
199 199 4 Worker 282535117
200 200 4 Worker 973194294
201 201 4 Worker 301058929
202 202 4 Worker 771599244
203 203 4 Worker 138466392
204 204 4 Worker 49746749
205 205 4 Worker 493689230
206 206 4 Worker 114020114
207 207 4 Worker 721841031
208 208 4 Worker 361427408
209 209 4 Worker 435345449
210 210 4 Worker 294657566
211 211 4 Worker 941234508
212 212 4 Worker 353625193
213 213 4 Worker 181818785
214 214 4 Worker 84698620
215 215 4 Worker 945473640
216 216 4 Worker 869169648
217 217 4 Worker 515630949
218 218 4 Worker 287125295
219 219 4 Worker 143172734
220 220 4 Worker 293742880
221 221 4 Worker 534450653
222 222 4 Worker 27918706
223 223 4 Worker 156334387
224 224 4 Worker 881625184
225 225 4 Worker 478525208
226 226 4 Worker 522710174
227 227 4 Worker 784554394
228 228 4 Worker 999537510
229 229 4 Worker 749010898
230 230 4 Worker 628106455
231 231 4 Worker 523154069
232 232 4 Worker 122462343
233 233 4 Worker 680945581
234 234 4 Worker 382843051
235 235 4 Worker 815126159
236 236 4 Worker 861228439
237 237 4 Worker 860210535
238 238 4 Worker 679159461
239 239 4 Worker 899743692
240 240 4 Worker 810326365
241 241 4 Worker 950520862
242 242 4 Worker 497840600
243 243 4 Worker 159760160
244 244 4 Worker 617039584
245 245 4 Worker 270764046
246 246 4 Worker 741867416
247 247 4 Worker 902265306
248 248 4 Worker 886215300
249 249 4 Worker 709895447
250 250 4 Worker 819889627
251 251 4 Worker 795573812
252 252 4 Worker 510789175
253 253 4 Worker 846391338
254 254 4 Worker 737137346
255 255 4 Worker 810352385
